{
    "data": [
        {
            "name": "objShapefingers",
            "contactPoints": [
                "f 224 0.22428499999999996 0.3047480000000002 0.4709669999999998",
                "f 1996 0.28465299999999916 0.23471600000000076 0.48063100000000003",
                "f 1731 0.0835039999999998 0.08199899999999999 0.8344970000000003",
                "f 1728 0.07955199999999896 0.07734100000000123 0.8431069999999998",
                "f 1731 0.256931859433566 0.07373531570199181 0.6693328248644422",
                "f 1997 0.634431999999999 0.2004950000000014 0.16507299999999964",
                "f 197 0.051445000000000296 0.243167000000001 0.7053879999999987",
                "f 1999 0.6070200000000001 0.22319300000000172 0.1697869999999982",
                "f 1996 0.03291598517440775 0.7087738226132647 0.25831019221232754",
                "f 1999 0.5447920000000002 0.026078000000000927 0.42912999999999885",
                "f 197 0.273301 0.13448899999999847 0.5922100000000015",
                "f 197 0.45205115302944665 0.03438217696854873 0.5135666700020046",
                "f 199 0.29868200000000017 0.574138 0.1271799999999998",
                "f 1996 0.1340119999999989 0.8451780000000014 0.020809999999999673",
                "f 197 0.00627600000000017 0.04506799999999921 0.9486560000000006",
                "f 199 0.1422769999999986 0.579944 0.2777790000000014",
                "f 224 0.9177140000000004 0.0009820000000012564 0.08130399999999839",
                "f 1996 0.4422450000000014 0.518974999999999 0.03877999999999967",
                "f 199 0.03673100000000051 0.7746180000000005 0.18865099999999901",
                "f 1729 0.43297800000000086 0.24809199999999898 0.31893000000000016",
                "f 1731 0.5468600000000002 0.26824000000000076 0.18489999999999904",
                "f 1725 0.15226799999999874 0.7832689999999992 0.06446300000000203",
                "f 199 0.1927919999999993 0.4233690000000001 0.3838390000000006",
                "f 198 0.41953500000000055 0.43626099999999995 0.14420399999999944",
                "f 1725 0.33827107581256094 0.5452010128031419 0.11652791138429715",
                "f 1725 0.10611107581256085 0.261228012803142 0.6326609113842971",
                "f 1725 0.45954600000000023 0.31799500000000047 0.22245899999999927",
                "f 1726 0.07536399999999971 0.9061339999999996 0.018502000000000733",
                "f 1731 0.4830369999999999 0.08619500000000001 0.4307680000000001",
                "f 1728 0.03758099999999953 0.38867300000000043 0.573746",
                "f 1731 0.7434769999999997 0.16164700000000048 0.09487599999999968",
                "f 1731 0.926877 0.041302999999999555 0.03182000000000048",
                "f 1728 0.1956290000000008 0.6898979999999995 0.11447299999999974",
                "f 68 0.21923790212843203 0.7590522444954106 0.021709853376157315",
                "f 1728 0.3736850000000003 0.5321479999999996 0.09416700000000007",
                "f 1728 0.24463610028411598 0.4704199006774148 0.28494399903846923",
                "f 1728 0.5633359999999996 0.1822290000000006 0.2544349999999997",
                "f 1728 0.44365699999999947 0.10450500000000015 0.45183800000000035",
                "f 1728 0.21785199999999993 0.04993300000000022 0.7322149999999998",
                "f 1728 0.13938700000000048 0.21573299999999934 0.6448800000000002",
                "f 1728 0.1650360000000004 0.3799920000000001 0.4549719999999995",
                "f 1728 0.3401499999999993 0.05256700000000071 0.607283",
                "f 1728 0.31624099999999905 0.2517030000000013 0.4320559999999996",
                "f 1915 0.6412169999999991 0.34808200000000006 0.010701000000000821",
                "f 2048 0.09938306351364917 0.5751789226532924 0.3254380138330584",
                "f 138 0.5203680000000002 0.46966600000000097 0.009965999999998842",
                "f 138 0.1287087603057623 0.6970732605340947 0.174217979160143",
                "f 2485 0.7712752622905459 0.18877184097051036 0.039952896738943755",
                "f 702 0.288601 0.19292599999999724 0.5184730000000027",
                "f 2616 0.47286000000000034 0.2546420000000002 0.2724979999999994",
                "f 1721 0.9049689113842977 0.06289201280314131 0.03213907581256105",
                "f 170 0.2422939999999983 0.4777380000000004 0.27996800000000127",
                "f 170 0.1030149999999983 0.3602600000000004 0.5367250000000012",
                "f 170 0.553245975142411 0.3730024943980235 0.07375153045956546",
                "f 2484 0.12775899999999957 0.4337460000000003 0.43849500000000013",
                "f 267 0.4556009999999975 0.03625000000000039 0.5081490000000022",
                "f 301 0.8009240000000001 0.09369600000000065 0.10537999999999927",
                "f 303 0.37723700000000093 0.06643100000000017 0.5563319999999989",
                "f 2075 0.210802999999999 0.7581419999999984 0.03105500000000258",
                "f 196 0.1311980000000001 0.4905130000000003 0.3782889999999996",
                "f 196 0.14065000000000005 0.18161400000000028 0.6777359999999997",
                "f 1724 0.11507100000000049 0.8177250000000005 0.06720399999999903",
                "f 300 0.04917700000000047 0.44889200000000024 0.5019309999999992",
                "f 2300 0.28041899999999836 0.3478320000000015 0.37174900000000016",
                "f 2301 0.2612933636176782 0.09220385665685447 0.6465027797254673",
                "f 1971 0.28919185658422497 0.06405986877330913 0.6467482746424659",
                "f 196 0.23640300000000003 0.2634359999999997 0.5001610000000002",
                "f 300 0.03481700000000135 0.8170349999999975 0.14814800000000114",
                "f 1971 0.27001799999999937 0.7181499999999981 0.011832000000002552",
                "f 1968 0.0810650000000005 0.0610249999999998 0.8579099999999997",
                "f 712 0.8911670000000006 0.06337500000000178 0.04545799999999765",
                "f 646 0.16237700000000146 0.6287439999999992 0.20887899999999934",
                "f 2037 0.859066000000001 0.08328199999999863 0.0576520000000004",
                "f 2075 0.4784049999999995 0.17352599999999982 0.34806900000000063",
                "f 510 0.11064527357536347 0.1505508331058721 0.7388038933187644",
                "f 1971 0.2096541434157746 0.40382313122669217 0.3865227253575332",
                "f 1724 0.07062400000000013 0.6560170000000004 0.27335899999999946",
                "f 2072 0.3048089999999986 0.40727000000000146 0.2879209999999999",
                "f 257 0.13547062575985708 0.477730820313052 0.386798553927091",
                "f 300 0.5145330000000004 0.14661500000000152 0.3388519999999981",
                "f 300 0.28511698518964423 0.4726320612258215 0.2422509535845343",
                "f 1724 0.06543707855210251 0.5086862852545478 0.42587663619334964",
                "f 1724 0.17847000000000007 0.6268270000000008 0.19470299999999913",
                "f 257 0.14443400000000162 0.013812999999999485 0.8417529999999989",
                "f 257 0.08749300000000049 0.31409299999999946 0.598414",
                "f 300 0.14790500000000073 0.15520100000000045 0.6968939999999988",
                "f 276 0.5174951983986983 0.261536216922495 0.22096858467880665",
                "f 276 0.7361791983986984 0.1721742169224933 0.09164658467880825",
                "f 276 0.37492999999999976 0.0317449999999992 0.593325000000001",
                "f 1969 0.15028999999999804 0.33175500000000213 0.5179549999999998",
                "f 2048 0.9258870000000013 0.039793999999998886 0.034318999999999794",
                "f 170 0.023958000000000257 0.19042599999999993 0.7856159999999998",
                "f 1969 0.241638999999998 0.4112700000000025 0.34709099999999954",
                "f 1969 0.0383999999999986 0.6918500000000017 0.26974999999999966",
                "f 170 0.459771999999999 0.045938000000000256 0.49429000000000073",
                "f 1968 0.08404800000000134 0.34939999999999866 0.5665520000000001",
                "f 1971 0.5235439999999998 0.4021199999999993 0.07433600000000079",
                "f 1969 0.3379279999999997 0.49689400000000045 0.16517799999999996",
                "f 196 0.37632000000000004 0.5127950000000002 0.11088499999999972",
                "f 196 0.36746100000000004 0.17209199999999816 0.4604470000000018",
                "f 1968 0.15638500000000033 0.46469699999999964 0.378918",
                "f 171 0.14600999999999842 0.11797300000000195 0.7360169999999996",
                "f 170 0.5915720248575886 0.18554250560197666 0.2228854695404348",
                "f 1969 0.8290799999999987 0.07493300000000147 0.09598699999999978",
                "f 1968 0.25061600000000084 0.5543729999999992 0.19501099999999993",
                "f 168 0.12361518729715792 0.31056800342683827 0.5658168092760038",
                "f 168 0.15454899999999983 0.2002259999999999 0.6452250000000003",
                "f 1997 0.18023384174054385 0.723542272343814 0.09622388591564217",
                "f 1940 0.7521220000000001 0.02234000000000035 0.22553799999999957",
                "f 1968 0.6286560000000005 0.09821899999999928 0.2731250000000001",
                "f 1968 0.3882488127028425 0.5835271907239955 0.028223996573161967",
                "f 168 0.510666000000001 0.1084910000000001 0.38084299999999893",
                "f 168 0.8710809999999996 0.066646 0.06227300000000042",
                "f 197 0.644545 0.18582599999999966 0.16962900000000036",
                "f 197 0.34794600000000003 0.5405369999999995 0.11151700000000048",
                "f 61 0.11136200020606765 0.8470392966814889 0.04159870311244344",
                "f 64 0.9330812966814872 0.005141000206067373 0.061777703112445424",
                "f 1724 0.863328 0.12930499999999998 0.007367000000000013",
                "f 64 0.767279703318512 0.10720299979393245 0.12551729688755553",
                "f 1724 0.3455089214478973 0.5996747147454521 0.05481636380665061",
                "f 1999 0.49402699999999955 0.3062690000000001 0.19970400000000033",
                "f 1724 0.2794280785521024 0.4889372852545476 0.23163463619334998",
                "f 196 0.6968150000000001 0.06361599999999897 0.23956900000000092",
                "f 1724 0.6557360785521028 0.2086602852545488 0.13560363619334834",
                "f 196 0.5235240000000002 0.12929200000000046 0.3471839999999994",
                "f 199 0.3160859999999998 0.4478750000000002 0.23603899999999994",
                "f 1724 0.164491078552103 0.3289762852545486 0.5065326361933484",
                "f 64 0.6299707033185121 0.25229999979393225 0.11772929688755567",
                "f 1724 0.6691920000000007 0.03507900000000137 0.2957289999999979",
                "f 1724 0.5124339999999998 0.21298699999999968 0.2745790000000004",
                "f 64 0.4993969999999996 0.41691399999999995 0.0836890000000004",
                "f 1724 0.39388 0.061677999999999754 0.5444420000000002",
                "f 1724 0.24044500000000024 0.3609599999999998 0.39859500000000003",
                "f 1724 0.36201300000000025 0.3380880000000002 0.2998989999999996",
                "f 1724 0.2726510000000001 0.20630700000000063 0.5210419999999992",
                "f 1724 0.3956460000000002 0.17717500000000014 0.4271789999999997",
                "f 1731 0.048867000000000466 0.8502720000000005 0.10086099999999906",
                "f 1730 0.7330113240840919 0.1919688261250509 0.07501984979085714",
                "f 1729 0.31839300000000026 0.12042999999999932 0.5611770000000004",
                "f 1731 0.31709314056643434 0.18785668429800886 0.4950501751355568",
                "f 1996 0.3441289999999993 0.3792650000000003 0.2766060000000004",
                "f 1996 0.21296899999999952 0.13052100000000028 0.6565100000000001",
                "f 1728 0.033944100284115875 0.21556090067741487 0.7504949990384693",
                "f 68 0.09005599999999991 0.849810999999999 0.06013300000000111",
                "f 1999 0.7940569999999998 0.15607900000000063 0.04986399999999963",
                "f 199 0.19144300000000092 0.7667729999999999 0.04178399999999914",
                "f 198 0.20975560257589526 0.508396241542297 0.2818481558818077",
                "f 1729 0.5512230000000011 0.3563379999999987 0.09243900000000022",
                "f 198 0.5819830000000001 0.3265650000000012 0.0914519999999986",
                "f 1725 0.24729799999999968 0.05651999999999956 0.6961820000000007",
                "f 1726 0.04497300000000015 0.656206999999999 0.29882000000000086",
                "f 1728 0.038951000000000735 0.6203149999999992 0.3407340000000001",
                "f 1728 0.43343400000000043 0.3254679999999995 0.24109800000000015",
                "f 1728 0.24546800000000057 0.19497799999999932 0.5595540000000001",
                "f 1717 0.7177981205751732 0.12173767658783348 0.16046420283699325",
                "f 2048 0.03719800000000051 0.43906899999999965 0.5237329999999998",
                "f 2048 0.194298 0.682974 0.12272800000000003",
                "f 138 0.325375760305762 0.5737052605340981 0.10091897916013995",
                "f 1723 0.705846186951494 0.1873709218625095 0.10678289118599654",
                "f 170 0.34457499999999663 0.2725290000000007 0.3828960000000027",
                "f 196 0.23432899999999987 0.6260600000000002 0.13961099999999996",
                "f 196 0.2379929999999999 0.0009190000000005471 0.7610879999999995",
                "f 1971 0.3723419999999999 0.5357189999999997 0.0919390000000004",
                "f 1724 0.1483580000000001 0.505448 0.3461939999999999",
                "f 276 0.5682721983986987 0.039435216922495284 0.39229258467880607",
                "f 1969 0.14084667903139536 0.7769068856442145 0.08224643532439015",
                "f 1969 0.6969830000000005 0.01568999999999937 0.2873270000000002",
                "f 1968 0.5429028127028421 0.0026441907239958184 0.454452996573162",
                "f 168 4.2000000000541604e-05 0.05723700000000013 0.9427209999999994",
                "f 168 0.3506579999999996 0.27436299999999986 0.3749790000000005",
                "f 1940 0.865747 0.09811799999999984 0.03613500000000017",
                "f 1968 0.7450301872971586 0.14244680927600345 0.112523003426838",
                "f 1724 0.7957290785521025 0.03404028525454799 0.17023063619334958",
                "f 1724 0.47512892144789776 0.4207537147454525 0.10411736380664971",
                "f 1724 0.22929192144789778 0.11227071474545205 0.6584373638066502",
                "f 1724 0.545498 0.030765000000000108 0.4237369999999998",
                "f 1724 0.3114390785521025 0.268446285254548 0.42011463619334954",
                "f 2259 0.07075338938212167 0.5840307701825166 0.34521584043536174",
                "f 1911 0.5541380000000004 0.40730299999999836 0.03855900000000125",
                "f 2394 0.36602309158947616 0.3281040795779277 0.3058728288325961",
                "f 1908 0.1887749999999992 0.6335140000000008 0.177711",
                "f 383 0.3510120000000005 0.5807750000000002 0.06821299999999936",
                "f 2258 0.15286899999999948 0.3716749999999991 0.47545600000000143",
                "f 1909 0.014141999999998989 0.40581700000000087 0.5800410000000001",
                "f 609 0.4452540000000008 0.06487500000000113 0.48987099999999806",
                "f 2393 0.4033420000000012 0.4777150000000037 0.11894299999999516",
                "f 474 0.3955090000000017 0.5312200000000019 0.07327099999999637",
                "f 473 0.15138299999999583 0.003807000000001795 0.8448100000000024",
                "f 1909 0.4573975133037226 0.30328262280112067 0.23931986389515666",
                "f 381 0.2543660000000014 0.15169899999999492 0.5939350000000037",
                "f 381 0.023903000000000563 0.5438819999999991 0.43221500000000035",
                "f 382 0.13688200000000011 0.3871849999999995 0.47593300000000044",
                "f 382 0.08396099999999952 0.8128560000000014 0.10318299999999912",
                "f 1908 0.2774580000000034 0.6915869999999973 0.030954999999999264",
                "f 1911 0.7314399999999992 0.012411000000001192 0.2561489999999996",
                "f 1908 0.4138020000000009 0.47307599999999916 0.11312199999999992",
                "f 382 0.2530190000000007 0.5997059999999971 0.1472750000000022",
                "f 381 0.37502143488264517 0.4947763737373847 0.13020219137997013",
                "f 676 0.7424799999999991 0.006962000000002875 0.2505579999999979",
                "f 2394 0.2412279999999984 0.2907360000000057 0.46803599999999596",
                "f 2258 0.2945830000000027 0.6078869999999928 0.09753000000000442",
                "f 2393 0.2924471628842007 0.3865184967036348 0.3210343404121645",
                "f 2393 0.1410309999999999 0.07337999999999115 0.785589000000009",
                "f 610 0.01267983919904514 0.4207346592697298 0.566585501531225",
                "f 473 0.5565089999999969 0.24887600000000004 0.19461500000000295",
                "f 474 0.4661162270254936 0.2108435070621004 0.323040265912406",
                "f 2246 0.3303350000000018 0.12343799999999822 0.546227",
                "f 473 0.008654999999995971 0.14058599999999266 0.8507590000000114",
                "f 610 0.16987700000000228 0.24048099999998912 0.5896420000000087",
                "f 610 0.2883359999999985 0.06494300000000343 0.6467209999999981",
                "f 475 0.07643900000000334 0.7161170000000003 0.20744399999999633",
                "f 381 0.3414170000000005 0.584504000000003 0.07407899999999643",
                "f 381 0.35844899999999913 0.019780000000002677 0.6217709999999982",
                "f 381 0.22159100000000184 0.7501459999999961 0.028263000000002057",
                "f 2154 0.017550999999999206 0.06704200000000037 0.9154070000000004",
                "f 2257 0.013163000000000466 0.8738560000000006 0.1129809999999989",
                "f 381 0.13122300000000042 0.3275880000000023 0.5411889999999973",
                "f 2257 0.45462199999999986 0.4120280000000004 0.13334999999999972",
                "f 1909 0.5543144866962726 0.08448937719888301 0.36119613610484436",
                "f 1911 0.8093418514948236 0.03642469343540746 0.15423345506976893",
                "f 2257 0.26145899999999955 0.30254299999999673 0.43599800000000377",
                "f 2257 0.14563100000000037 0.6456770000000047 0.2086919999999949",
                "f 1909 0.46694799999999614 0.438062000000003 0.09499000000000081",
                "f 383 0.06167999999999729 0.651985999999999 0.28633400000000375",
                "f 383 0.059608999999999995 0.7435369999999994 0.19685400000000056",
                "f 383 0.06291999999999942 0.5657329999999997 0.37134700000000087",
                "f 382 0.31785399999999964 0.4893120000000016 0.19283399999999887",
                "f 382 0.02633135812219367 0.38282655493219153 0.5908420869456148",
                "f 383 0.0815500000000003 0.8406559999999998 0.07779399999999985",
                "f 381 0.04566100000000095 0.12737200000000307 0.826966999999996",
                "f 1909 0.9520634866962798 0.003187377198877597 0.044749136104842574",
                "f 382 0.16744764187780548 0.6662664450678122 0.16628591305438234",
                "f 382 0.11164399999999947 0.5821220000000015 0.30623399999999906",
                "f 1908 0.4538729999999992 0.5104970000000008 0.035630000000000044",
                "f 1908 0.22745100000000001 0.6669819999999999 0.10556700000000012",
                "f 1908 0.0292950000000001 0.8732590000000001 0.09744599999999978",
                "f 382 0.04283100000000006 0.5529610000000007 0.40420799999999923",
                "f 382 0.011878000000000388 0.7747819999999984 0.2133400000000012",
                "f 832 0.17211300000000584 0.08799300000000006 0.7398939999999941",
                "f 2604 0.8160900000000006 0.005701000000001983 0.17820899999999743",
                "f 701 0.3685930000000014 0.4870059999999976 0.14440100000000103",
                "f 702 0.13571099999999992 0.7250389999999972 0.13925000000000287",
                "f 834 0.43126549209946924 0.07082123164388414 0.49791327625664666",
                "f 2716 0.8634019999999979 0.10954200000000144 0.02705600000000064",
                "f 2485 0.20894400000000057 0.5964909999999999 0.19456499999999954",
                "f 645 0.43983544635566535 0.539958329892997 0.020206223751337703",
                "f 2484 0.05678599999999967 0.7097950000000005 0.23341899999999982",
                "f 2485 0.42090199999999683 0.20013000000000242 0.3789680000000008",
                "f 511 0.19481399999999913 0.649448 0.15573800000000085",
                "f 2074 0.4162135121861293 0.43000237587376755 0.15378411194010316",
                "f 303 0.5722690000000004 0.17064100000000038 0.25708999999999926",
                "f 264 0.08480499999999946 0.038385999999999657 0.8768090000000008",
                "f 2074 0.6333270000000029 0.33367199999999686 0.03300100000000031",
                "f 303 0.8550150000000012 0.1023619999999997 0.04262299999999906",
                "f 303 0.6021586461021313 0.07269555316788225 0.3251458007299865",
                "f 2075 0.07315499999999897 0.16984699999999922 0.7569980000000018",
                "f 712 0.6046649999999998 0.03255800000000137 0.3627769999999988",
                "f 2039 0.28021178934308 0.4139027188277083 0.30588549182921176",
                "f 2036 0.05809399999999787 0.3609430000000025 0.5809629999999997",
                "f 712 0.46237999999999846 0.36081299999999966 0.17680700000000193",
                "f 528 0.20183875481815516 0.19813790426677935 0.6000233409150655",
                "f 2303 0.45073144564367645 0.20474334716460263 0.3445252071917209",
                "f 303 0.4463089999999993 0.009553999999999493 0.5441370000000012",
                "f 300 0.031062000000000034 0.5916830000000013 0.3772549999999987",
                "f 2484 0.5063979999999997 0.40732799999999936 0.0862740000000009",
                "f 2418 0.005496619418882909 0.05878516490662564 0.9357182156744914",
                "f 2484 0.6081309999999998 0.12625499999999965 0.2656140000000005",
                "f 2301 0.35537699999999983 0.4307350000000002 0.213888",
                "f 645 0.22485000000000155 0.2707789999999958 0.5043710000000027",
                "f 646 0.3516090000000018 0.6196339999999967 0.02875700000000153",
                "f 2282 0.0398399999999991 0.2321180000000008 0.7280420000000001",
                "f 2300 0.2306460758288188 0.6864430246300578 0.08291089954112342",
                "f 645 0.00374400000001196 0.37771299999999675 0.6185429999999913",
                "f 509 0.183337999999998 0.39408899999999586 0.4225730000000061",
                "f 2036 0.5317800000000008 0.04794699999999921 0.42027299999999995",
                "f 2037 0.1805202723954907 0.6082588008609767 0.21122092674353257",
                "f 2282 0.004273266903768835 0.06966980556300868 0.9260569275332224",
                "f 2075 0.3541610000000004 0.4699559999999994 0.1758830000000002",
                "f 2072 0.05416700000000163 0.15546499999999874 0.7903679999999996",
                "f 2073 0.0008260000000002155 0.7147109999999997 0.28446300000000013",
                "f 510 0.2517659999999992 0.3237240000000003 0.42451000000000044",
                "f 511 0.07935208983767447 0.7576271017152473 0.16302080844707825",
                "f 510 0.04745299999999719 0.6243439999999992 0.3282030000000036",
                "f 2073 0.34432600000000035 0.48355699999999946 0.17211700000000016",
                "f 289 0.10993299999999931 0.6736070000000008 0.21645999999999985",
                "f 2072 0.0987399999999991 0.5079250000000014 0.3933349999999995",
                "f 2073 0.6913759999999995 0.2118710000000006 0.09675299999999987",
                "f 2072 0.018709999999998617 0.9155400000000005 0.06575000000000092",
                "f 300 0.6244509851896447 0.20574006122582028 0.16980895358453502",
                "f 300 0.5750470000000005 0.34915499999999833 0.07579800000000114",
                "f 257 0.010586999999999791 0.5375990000000003 0.45181399999999994",
                "f 300 0.16183899999999976 0.6858030000000017 0.15235799999999852",
                "f 300 0.1338650000000005 0.4665720000000024 0.39956299999999706",
                "f 2072 0.23958700000000155 0.10815999999999874 0.6522529999999997",
                "f 2072 0.45681299999999947 0.019539000000000712 0.5236479999999998",
                "f 300 0.4250389851896443 0.27600206122582027 0.29895895358453545",
                "f 303 0.12407564610213218 0.010428553167882467 0.8654958007299853",
                "f 257 0.3311780000000013 0.06736299999999942 0.6014589999999993",
                "f 257 0.14517037424014206 0.39357617968694875 0.46125344607290913",
                "f 300 0.43531201481035564 0.019168938774177174 0.5455190464154672",
                "f 300 0.32652501481035534 0.1562959387741793 0.5171790464154653",
                "f 257 0.2365129999999993 0.2375100000000006 0.5259770000000001",
                "f 257 0.1490090000000004 0.15983899999999981 0.6911519999999998",
                "f 300 0.03336700000000059 0.22524300000000036 0.7413899999999991",
                "f 300 0.09421900000000061 0.3340660000000022 0.5717149999999972",
                "f 300 0.20923999999999998 0.2676529999999993 0.5231070000000008",
                "f 257 0.00025599999999881273 0.1213679999999999 0.8783760000000013",
                "f 300 0.24365401481035598 0.023185938774178724 0.7331600464154653",
                "f 197 0.13393900000000034 0.6843539999999996 0.1817070000000001",
                "f 1970 0.7087579999999992 0.058118000000000766 0.23312399999999997",
                "f 197 0.5503620000000004 0.4258730000000007 0.023764999999998874",
                "f 1997 0.48521500000000134 0.04080799999999837 0.47397700000000026",
                "f 1999 0.38282099999999947 0.3068719999999992 0.3103070000000014",
                "f 199 0.5572430379181166 0.2980116580334283 0.1447453040484552",
                "f 199 0.48262000000000005 0.4100879999999998 0.10729200000000019",
                "f 199 0.3554680000000001 0.3349190000000002 0.3096129999999997",
                "f 1730 0.09094100000000012 0.8190789999999997 0.08998000000000021",
                "f 1730 0.4013319999999996 0.36819300000000044 0.23047499999999996",
                "f 1730 0.6826550000000007 0.06311799999999895 0.25422700000000037",
                "f 69 0.8052939988787862 0.07676368991063987 0.11794231121057396",
                "f 1730 0.46544599999999986 0.47780100000000053 0.05675299999999953",
                "f 68 0.018569999999999726 0.8516699999999994 0.1297600000000009",
                "f 69 0.9705369999999998 0.01926599999999954 0.01019700000000067",
                "f 1731 0.22195500000000032 0.7711929999999994 0.0068520000000003205",
                "f 1731 0.12655185943356556 0.466998315701992 0.4064498248644424",
                "f 1731 0.13401299999999972 0.23609999999999864 0.6298870000000016",
                "f 1731 0.3336019999999999 0.3769149999999994 0.28948300000000066",
                "f 224 0.4195949999999999 0.23287999999999995 0.34752500000000014",
                "f 224 0.6521589999999996 0.1309279999999996 0.21691300000000077",
                "f 1999 0.41253799999999996 0.10930199999999952 0.4781600000000005"
            ]
        },
        {
            "name": "objShapethumb",
            "contactPoints": [
                "f 3026 0.5068800000000003 0.20783400000000027 0.2852859999999994",
                "f 3027 0.39363735455872717 0.5703653126938216 0.035997332747451226",
                "f 1253 0.33558335348289675 0.191820289254125 0.4725963572629783",
                "f 1243 0.24001299999999848 0.46498200000000006 0.2950050000000015",
                "f 3027 0.6701319999999998 0.1196120000000002 0.21025600000000003",
                "f 3026 0.8248886397234272 0.1113717453136164 0.06373961496295648",
                "f 1253 0.45894299999999966 0.016612000000000307 0.524445",
                "f 3024 0.6415940000000001 0.13393199999999983 0.22447400000000003",
                "f 1252 0.12870800000000032 0.5851700000000035 0.28612199999999616",
                "f 1255 0.04990200000000189 0.33610900000000005 0.6139889999999981",
                "f 2925 0.4889180112859246 0.24644280754308828 0.26463918117098717",
                "f 2925 0.08329601128592545 0.10942380754308746 0.8072801811709871",
                "f 1142 0.5315900000000005 0.4592719999999994 0.009138000000000094",
                "f 2914 0.416685013505276 0.17264080616718014 0.4106741803275439",
                "f 2926 0.03361199999999914 0.8038860000000009 0.16250199999999998",
                "f 1152 0.6944440697999806 0.2538467140495606 0.05170921615045871",
                "f 823 0.016131000000002338 0.12803899999999693 0.8558300000000008",
                "f 2707 0.38653300000000035 0.23469099999999946 0.3787760000000002",
                "f 1155 0.2014630000000015 0.19335599999999986 0.6051809999999986",
                "f 2927 0.01873299999999911 0.18170799999999954 0.7995590000000014",
                "f 1153 0.38213592955080355 0.06065100412927435 0.5572130663199221",
                "f 2926 0.05834700000000104 0.29781899999999945 0.6438339999999996",
                "f 1155 0.5977380000000004 0.3864709999999996 0.01579100000000002",
                "f 2926 0.4312240000000002 0.1848990000000002 0.38387699999999964",
                "f 3027 0.14549335455872708 0.546694312693824 0.30781233274744896",
                "f 3026 0.31137900000000185 0.517340999999999 0.17127999999999907",
                "f 3026 0.4731270000000012 0.1659389999999988 0.360934",
                "f 3025 0.4252729999999997 0.34232499999999977 0.23240200000000058",
                "f 1253 0.5060213534828966 0.3027112892541235 0.19126735726297997",
                "f 1253 0.5165336465171042 0.3558577107458742 0.12760864273702152",
                "f 1253 0.22929399999999917 0.2716720000000013 0.4990339999999996",
                "f 1243 0.649748999999998 0.007917999999999923 0.3423330000000021",
                "f 1243 0.11188499999999935 0.02694400000000012 0.8611710000000006",
                "f 1241 0.4641879999999998 0.09665300000000002 0.4391590000000002",
                "f 3027 0.5841436454412727 0.35123068730617685 0.06462566725255045",
                "f 3025 0.670103000000001 0.28921099999999916 0.04068599999999975",
                "f 1241 0.018520000000000203 0.12572400000000047 0.8557559999999993",
                "f 3026 0.6586309999999986 0.1647540000000012 0.17661500000000013",
                "f 3027 0.2383799999999996 0.335871000000001 0.4257489999999995",
                "f 3027 0.3291709999999999 0.1420660000000001 0.528763",
                "f 1253 0.5196419999999997 0.21134199999999942 0.26901600000000075",
                "f 1253 0.39270100000000013 0.11794999999999888 0.489349000000001",
                "f 1253 0.6331949999999991 0.019772000000002597 0.34703299999999837",
                "f 1242 0.12907696234493482 0.5618299954273838 0.3090930422276814",
                "f 3024 0.1891119825035305 0.5462211101672235 0.26466690732924597",
                "f 3024 0.09364201749647127 0.3084868898327751 0.5978710926707537",
                "f 3024 0.0808089825035343 0.007619110167219167 0.9115719073292465",
                "f 1252 0.41747999999999974 0.5118689999999996 0.0706510000000007",
                "f 1255 0.5533761061091486 0.20717490683980466 0.2394489870510468",
                "f 1255 0.24633400000000244 0.429704 0.3239619999999976",
                "f 1255 0.4399740000000004 0.10960799999999961 0.450418",
                "f 2925 0.056442011285927296 0.7149308075430852 0.22862718117098746",
                "f 1252 0.4369800384517987 0.12405299996658285 0.43896696158161846",
                "f 1252 0.16663100000000053 0.23705100000000245 0.596317999999997",
                "f 2925 0.250675000000002 0.15589099999999825 0.5934339999999998",
                "f 1141 0.15186200000000027 0.05349600000000107 0.7946419999999986",
                "f 2914 0.35823299999999914 0.5895130000000007 0.052254000000000106",
                "f 1242 0.5882480000000001 0.0770689999999997 0.3346830000000002",
                "f 1242 0.17822100000000107 0.01113400000000145 0.8106449999999975",
                "f 1141 0.1794680000000009 0.5611259999999997 0.2594059999999994",
                "f 1141 0.5774559298709974 0.0899090046344239 0.3326350654945788",
                "f 1255 0.2042979999999982 0.05951199999999999 0.7361900000000018",
                "f 1254 0.7546220379530612 0.13159600409326339 0.11378195795367549",
                "f 2926 0.07539699999999838 0.9151840000000009 0.009419000000000725",
                "f 1255 0.010669106109148674 0.7515959068398052 0.23773498705104618",
                "f 1142 0.755163 0.0749629999999981 0.16987400000000188",
                "f 2694 0.15767700000000073 0.30773399999999923 0.534589",
                "f 2924 0.032102289901674796 0.6536783069558837 0.3142194031424415",
                "f 1142 0.09644199999999975 0.42022800000000443 0.48332999999999576",
                "f 921 0.11110673904790097 0.5642640538849782 0.3246292070671208",
                "f 820 0.6709610000000017 0.15705299999999936 0.171985999999999",
                "f 922 0.46793899999999955 0.11485699999999957 0.4172040000000009",
                "f 2705 0.8735640000000012 0.0073019999999989395 0.11913399999999989",
                "f 2605 0.22134000000000015 0.5693149999999991 0.20934500000000072",
                "f 2705 0.19161799999999873 0.3007130000000012 0.5076690000000001",
                "f 2704 0.7396810169461961 0.1909872943361286 0.06933168871767524",
                "f 2706 0.3765370357720463 0.5508135053405311 0.07264945888742265",
                "f 2705 0.016149000000000413 0.030518000000000007 0.9533329999999995",
                "f 1154 0.6894140000000003 0.27022199999999996 0.0403639999999997",
                "f 2927 0.35137100000000054 0.33878799999999964 0.3098409999999998",
                "f 2927 0.11416900000000035 0.5914940000000012 0.29433699999999846",
                "f 2926 0.38053499999999885 0.5175970000000012 0.10186799999999999",
                "f 2924 0.2788300000000008 0.06759199999999962 0.6535779999999995",
                "f 1152 0.1688949302000189 0.34758728595044225 0.4835177838495388",
                "f 1155 0.591817 0.11128399999999987 0.2968990000000002",
                "f 1254 0.3528609999999996 0.46699400000000185 0.1801449999999985",
                "f 1254 0.5000079620469392 0.1772079959067368 0.32278404204632405",
                "f 1153 0.32870400000000044 0.542463 0.1288329999999995",
                "f 1155 0.21871930808970247 0.4394954030478763 0.34178528886242115",
                "f 1155 0.43835599999999814 0.3101009999999997 0.2515430000000021",
                "f 1153 0.7545170000000001 0.11429600000000054 0.13118699999999933",
                "f 1153 0.49827699999999947 0.0397060000000021 0.4620169999999984",
                "f 2926 0.06327899999999986 0.5561560000000004 0.3805649999999997",
                "f 2926 0.21274298637611372 0.5182191938320004 0.26903781979188585",
                "f 2926 0.5957459863761126 0.1820491938320024 0.22220481979188497",
                "f 1153 0.487428929550803 0.34157200412927724 0.17099906631991973",
                "f 2926 0.28456999999999966 0.2113150000000005 0.5041149999999999",
                "f 1153 0.6131139295508036 0.2716370041292721 0.11524906631992429"
            ]
        },
        {
            "name": "humanShapefingers",
            "contactPoints": [
                "v 2049",
                "v 2050",
                "v 2051",
                "v 2052",
                "v 2053",
                "v 2083",
                "v 2084",
                "v 2085",
                "v 2086",
                "v 2087",
                "v 2088",
                "v 2089",
                "v 2090",
                "v 2091",
                "v 2092",
                "v 2093",
                "v 2094",
                "v 2095",
                "v 2096",
                "v 2097",
                "v 2098",
                "v 2099",
                "v 2101",
                "v 2102",
                "v 2103",
                "v 2110",
                "v 2111",
                "v 2118",
                "v 2120",
                "v 2121",
                "v 2122",
                "v 2123",
                "v 2124",
                "v 2133",
                "v 2138",
                "v 2139",
                "v 2140",
                "v 2141",
                "v 2142",
                "v 2143",
                "v 2144",
                "v 2145",
                "v 2146",
                "v 2241",
                "v 2253",
                "v 2280",
                "v 2281",
                "v 237",
                "v 238",
                "v 245",
                "v 2309",
                "v 2311",
                "v 2312",
                "v 2313",
                "v 298",
                "v 325",
                "v 326",
                "v 327",
                "v 328",
                "v 2377",
                "v 2378",
                "v 2379",
                "v 332",
                "v 330",
                "v 331",
                "v 2382",
                "v 2380",
                "v 329",
                "v 2381",
                "v 2387",
                "v 340",
                "v 341",
                "v 342",
                "v 343",
                "v 344",
                "v 2388",
                "v 2389",
                "v 347",
                "v 348",
                "v 349",
                "v 350",
                "v 2390",
                "v 2391",
                "v 353",
                "v 354",
                "v 355",
                "v 2421",
                "v 2422",
                "v 2423",
                "v 2424",
                "v 2425",
                "v 2426",
                "v 2428",
                "v 2429",
                "v 2430",
                "v 2431",
                "v 2432",
                "v 2433",
                "v 2434",
                "v 2435",
                "v 2436",
                "v 2437",
                "v 2438",
                "v 2439",
                "v 2440",
                "v 2441",
                "v 2444",
                "v 396",
                "v 2446",
                "v 2447",
                "v 2448",
                "v 2449",
                "v 2450",
                "v 403",
                "v 397",
                "v 2453",
                "v 2454",
                "v 2455",
                "v 2456",
                "v 2457",
                "v 410",
                "v 2458",
                "v 2460",
                "v 2461",
                "v 2459",
                "v 413",
                "v 2471",
                "v 2475",
                "v 2476",
                "v 2477",
                "v 2478",
                "v 2479",
                "v 2480",
                "v 2481",
                "v 2482",
                "v 2483",
                "v 435",
                "v 436",
                "v 438",
                "v 439",
                "v 440",
                "v 441",
                "v 442",
                "v 437",
                "v 452",
                "v 453",
                "v 454",
                "v 455",
                "v 456",
                "v 459",
                "v 461",
                "v 462",
                "v 466",
                "v 467",
