{
    "data": [
        {
            "name": "objShapefingers",
            "contactPoints": [
                "f 3863 0.58702 0.0004690000000008057 0.4125109999999992",
                "f 3860 0.5822910797689895 0.14665792023541216 0.2710509999955983",
                "f 3892 0.042108999999999175 0.3824010000000008 0.57549",
                "f 3895 0.43598600000000004 0.19349100000000014 0.3705229999999999",
                "f 3892 0.08735899999999969 0.449987 0.4626540000000003",
                "f 3685 0.36475100000000177 0.5664839999999983 0.0687649999999999",
                "f 3510 0.1779499999999976 0.04069999999999997 0.7813500000000024",
                "f 3685 0.21997900000000042 0.5973619999999995 0.18265900000000007",
                "f 3860 0.8394600000000001 0.031947999999999845 0.1285920000000001",
                "f 3516 0.7868539999999999 0.04343599999999822 0.16971000000000186",
                "f 3510 0.06423099999999982 0.147118 0.7886510000000002",
                "f 3868 0.762274 0.1967190000000013 0.041006999999998656",
                "f 3524 0.7083409999999998 0.22731799999999996 0.06434100000000036",
                "f 3860 0.677793 0.31468799999999997 0.007519000000000036",
                "f 3524 0.9014409999999997 0.019041999999999847 0.07951700000000045",
                "f 3524 0.4795429999999995 0.200541 0.31991600000000053",
                "f 190 0.6137154929633404 0.3266720980431068 0.05961240899355275",
                "f 1777 0.2586589999999989 0.6335230000000002 0.10781800000000091",
                "f 1988 0.5711796896368728 0.29006597969933146 0.1387543306637957",
                "f 191 0.07761303752493057 0.7633686583093069 0.15901830416576254",
                "f 3861 0.664008 0.21515499999999985 0.12083700000000007",
                "f 3860 0.3173400000000013 0.6390189999999988 0.04364099999999993",
                "f 3524 0.5896240797728687 0.10914100000440173 0.3012349202227296",
                "f 3548 0.8025710000000004 0.026952999999998565 0.17047600000000104",
                "f 3892 0.4892502067347586 0.22697079321279423 0.28377900005244716",
                "f 3526 0.5102020000000004 0.00998700000000007 0.47981099999999954",
                "f 3524 0.33949699999999877 0.269954 0.3905490000000012",
                "f 3524 0.08415099999999998 0.166173 0.749676",
                "f 3526 0.40900799999999954 0.11732800000000004 0.47366400000000036",
                "f 3560 0.7127649999999991 0.052449999999999934 0.23478500000000105",
                "f 3526 0.23839499999999936 0.19275600000000004 0.5688490000000006",
                "f 3560 0.17058779328611862 0.07900200005244729 0.7504102066614341",
                "f 3892 0.18237500000000006 0.501572 0.3160529999999999",
                "f 3895 0.6437168345852243 0.03474670313075559 0.3215364622840201",
                "f 3892 0.3868312067347584 0.46551679321279466 0.147652000052447",
                "f 3892 0.2597850000000004 0.7185509999999996 0.021664000000000017",
                "f 3893 0.8585010000000004 0.07791599999999976 0.06358299999999982",
                "f 3895 0.420157 0.4330399999999994 0.14680300000000054",
                "f 3893 0.5872289999999998 0.3650230000000004 0.047747999999999936",
                "f 3893 0.7197529999999992 0.07827000000000083 0.2019769999999999",
                "f 3893 0.23314334729857833 0.5844906527146116 0.18236599998681002",
                "f 3893 0.35125200000000045 0.30041899999999955 0.348329",
                "f 3895 0.4656499999999998 0.38659500000000024 0.147755",
                "f 3895 0.5563558345852245 0.22743370313075553 0.21621046228401997",
                "f 3895 0.6862110000000001 0.2091369999999994 0.1046520000000004",
                "f 3893 0.4556519999999993 0.07202200000000056 0.47232600000000013",
                "f 3893 0.5548086527014214 0.12074934728538839 0.3244420000131901",
                "f 1 0.816048000000001 0.01963899999999965 0.16431299999999935",
                "f 1663 0.20819400000000055 0.25257799999999975 0.5392279999999997",
                "f 0 0.1740960000000002 0.7614989999999999 0.06440499999999988",
                "f 1660 0.01681500000000058 0.17742799999999995 0.8057569999999995",
                "f 1660 0.07333342551786814 0.33005923332123466 0.5966073411608972",
                "f 1661 0.20141100000000048 0.6535330000000008 0.1450559999999987",
                "f 1663 0.07175200000000043 0.564563 0.36368499999999954",
                "f 1663 0.3232190000000013 0.4233149999999996 0.253465999999999",
                "f 1661 0.061246924189844454 0.3551109871962695 0.5836420886138861",
                "f 2069 0.45357599999999965 0.09908100000000084 0.4473429999999995",
                "f 1661 0.32717699999999966 0.20268299999999959 0.4701400000000007",
                "f 286 0.06484565360693828 0.42561675255745895 0.5095375938356027",
                "f 2021 0.3052209999999981 0.5581040000000017 0.1366750000000002",
                "f 1665 0.5754247971660567 0.2895093234086862 0.13506587942525713",
                "f 1665 0.8337720000000003 0.15199599999999971 0.014231999999999993",
                "f 2144 0.12637999999999944 0.7991769999999999 0.07444300000000063",
                "f 2144 0.3019439999999996 0.45115099999999925 0.2469050000000012",
                "f 2144 0.5211529999999994 0.05098999999999929 0.42785700000000126",
                "f 247 0.36184500000000064 0.5064119999999998 0.13174299999999958",
                "f 2018 0.30665573127359547 0.43393582711609446 0.25940844161031007",
                "f 3861 0.2874529999999984 0.17253400000000155 0.5400130000000001",
                "f 205 0.4604306411578148 0.1442112232618863 0.3953581355802989",
                "f 206 0.398551 0.4808910000000001 0.1205579999999998",
                "f 1920 0.3170839999999996 0.5066350000000007 0.17628099999999966",
                "f 216 0.002787000000000095 0.4968370000000002 0.5003759999999997",
                "f 1784 0.5075850000000003 0.4478260000000001 0.044588999999999684",
                "f 1663 0.594112 0.124609 0.28127900000000006",
                "f 1661 0.6931139999999997 0.2649169999999998 0.04196900000000051",
                "f 2058 0.390451000000002 0.4293069999999978 0.18024200000000026",
                "f 285 0.4115790000000006 0.017215999999998427 0.571205000000001",
                "f 1663 0.5257769218619253 0.41881118695640773 0.05541189118166703",
                "f 244 0.010545999999999917 0.7603130000000001 0.22914099999999996",
                "f 247 0.5758409620740031 0.2609893419626708 0.1631696959633261",
                "f 1660 0.1385284255178681 0.45904923332123465 0.4024223411608973",
                "f 1660 0.346187425517868 0.2163002333212345 0.4375123411608975",
                "f 244 0.26002 0.6743340000000001 0.06564599999999993",
                "f 1660 0.23467942551786852 0.7202902333212353 0.045030341160896166",
                "f 1673 0.31225199999999964 0.663188999999999 0.024559000000001323",
                "f 1664 0.08165800000000065 0.7110119999999994 0.20732999999999993",
                "f 1894 0.7159917828058961 0.1983111518799492 0.08569706531415472",
                "f 3682 0.04515899999999895 0.3692390000000009 0.5856020000000001",
                "f 1991 0.2301028463288226 0.10348183019735893 0.6664153234738185",
                "f 1989 0.5607179999999985 0.18658200000000122 0.2527000000000003",
                "f 206 0.37286700000000084 0.23131599999999988 0.3958169999999993",
                "f 1 0.09620599999999979 0.08296200000000012 0.8208320000000001",
                "f 1 0.08902700000000052 0.2639489999999999 0.6470239999999996",
                "f 1 0.09001699999999863 0.47743300000000066 0.4325500000000007",
                "f 1856 0.05170413824196149 0.7519917329218825 0.19630412883615603",
                "f 1920 0.25997200000000226 0.7104979999999977 0.029529999999999976",
                "f 246 0.14395899999999992 0.8256190000000007 0.030421999999999432",
                "f 1921 0.2923279999999999 0.47792500000000027 0.22974699999999984",
                "f 1662 0.40324900142050774 0.32358209899498536 0.2731688995845069",
                "f 1662 0.1601549999999999 0.8273450000000003 0.012499999999999756",
                "f 1664 0.057673999999998886 0.894036000000001 0.04829000000000006",
                "f 1664 0.4026729999999999 0.5427830000000002 0.05454399999999989",
                "f 1 0.06502500000000022 0.7000659999999997 0.23490900000000003",
                "f 1796 0.9267650000000003 0.02664200000000006 0.04659299999999966",
                "f 1859 0.23992000000000102 0.1856489999999996 0.5744309999999994",
                "f 1859 0.5544718950036076 0.15762783583368378 0.28790026916270867",
                "f 1 0.010853000000001334 0.9098729999999993 0.0792739999999994",
                "f 1776 0.04486699999999977 0.46915599999999985 0.4859770000000003",
                "f 1779 0.17801200000000023 0.47874200000000056 0.3432459999999992",
                "f 1776 0.44437599999999977 0.4167770000000006 0.13884699999999958",
                "f 2019 0.31692300000000023 0.6593119999999985 0.023765000000001316",
                "f 3529 0.10970200003396491 0.17969082868289848 0.7106071712831367",
                "f 3855 0.4191026869723421 0.01570783927707332 0.5651894737505846",
                "f 3852 0.06616381922119519 0.546096501831641 0.38773967894716377",
                "f 3855 0.015554999999996988 0.07330300000000053 0.9111420000000024",
                "f 124 0.498657999999999 0.2761860000000002 0.22515600000000074",
                "f 1778 0.07460300000000059 0.6894879999999989 0.23590900000000053",
                "f 116 0.4792829999999997 0.30577399999999905 0.21494300000000124",
                "f 117 0.24746500000000002 0.6029099999999996 0.14962500000000037",
                "f 113 0.4793129999999994 0.4133740000000005 0.10731300000000005",
                "f 1850 0.17507099999999892 0.5968820000000009 0.22804700000000017",
                "f 1884 0.010263999999999222 0.9679159999999899 0.021820000000010883",
                "f 113 0.1057775711730656 0.7442938063918731 0.14992862243506125",
                "f 1850 0.6343470000000005 0.0460379999999998 0.31961499999999965",
                "f 119 0.38220795977456656 0.05446835922582538 0.5633236809996081",
                "f 116 0.21567300000000011 0.0037690000000004304 0.7805579999999994",
                "f 1887 0.8643229999999991 0.044166999999999484 0.09151000000000148",
                "f 3524 0.19986299999999965 0.5618400000000001 0.23829700000000023",
                "f 3527 0.2964190000000004 0.2577739999999998 0.4458069999999999",
                "f 3526 0.36412399999999945 0.554628 0.08124800000000057",
                "f 3527 0.4688610000000015 0.14130899999999844 0.38983",
                "f 3508 0.10310300000000033 0.612693 0.2842039999999996",
                "f 3510 0.20857000000000014 0.6508379999999999 0.14059199999999994",
                "f 3868 0.4247840000000002 0.4732909999999999 0.10192499999999986",
                "f 1776 0.14615600000000095 0.05672899999999899 0.797115",
                "f 1778 0.6540740000000002 0.079966000000001 0.26595999999999886",
                "f 119 0.20223700000000094 0.545030999999999 0.252732",
                "f 1885 0.24218899999999907 0.532018000000001 0.22579299999999994",
                "f 118 0.06128100000000106 0.8599039999999991 0.07881499999999983",
                "f 3511 0.2814611439490003 0.31609872173647 0.4024401343145297",
                "f 3526 0.020791999999998867 0.544248 0.4349600000000012",
                "f 1887 0.3298640000000006 0.5106490000000006 0.1594869999999988",
                "f 1899 0.30594499999999947 0.06970299999999996 0.6243520000000006",
                "f 1896 0.008532999999999125 0.0190459999999938 0.9724210000000071",
                "f 1887 0.5853839999999999 0.16195699999999996 0.2526590000000002",
                "f 3904 0.40766111822624806 0.3609910318019299 0.2313478499718221",
                "f 3526 0.14715299999999992 0.6127740000000002 0.24007299999999993",
                "f 1898 0.752725 0.06927800000000064 0.17799699999999943",
                "f 1899 0.021133000000000512 0.1158630000000002 0.8630039999999993",
                "f 1884 0.08930300000000968 0.33173699999999373 0.5789599999999966",
                "f 130 0.19569500000000029 0.32305100000000014 0.4812539999999995",
                "f 1792 0.3074480000000007 0.5501029999999987 0.1424490000000006",
                "f 129 0.5062119999999997 0.06652800000000063 0.42725999999999975",
                "f 131 0.11050299999999957 0.35295000000000026 0.5365470000000001",
                "f 2019 0.9197399999999998 0.058591000000001094 0.021668999999999154",
                "f 2016 0.21359499999999945 0.5717350000000005 0.21467",
                "f 130 0.37068299999999943 0.006253000000000512 0.6230640000000001",
                "f 2255 0.2456739999999961 0.6307930000000063 0.12353299999999764",
                "f 0 0.03391399999999967 0.1931770000000002 0.7729090000000002",
                "f 1791 0.13307199999999916 0.778676 0.0882520000000008",
                "f 129 0.020941481426594268 0.953195256052938 0.025863262520467754",
                "f 3528 0.0844039999999999 0.7333740000000004 0.1822219999999997",
                "f 2022 0.6948060059361579 0.1837487740769094 0.12144521998693265",
                "f 249 0.35054699999999994 0.41306600000000093 0.23638699999999913",
                "f 3852 0.3745539999999938 0.4196170000000014 0.20582900000000476",
                "f 3852 0.3110949999999979 0.514179000000006 0.17472599999999605",
                "f 3852 0.3481668192212043 0.007602501831633137 0.6442306789471626",
                "f 3508 0.23199800000000081 0.6981079999999997 0.06989399999999944",
                "f 3852 0.23930581922119748 0.6047285018316387 0.1559656789471638",
                "f 3852 0.14750799999999287 0.5862650000000006 0.26622700000000654",
                "f 1791 0.4114979999999999 0.17263400000000004 0.415868",
                "f 1788 0.343545 0.008047999999999668 0.6484070000000003",
                "f 3852 0.10522899999999935 0.31198900000000285 0.5827819999999978",
                "f 3508 0.18737062824195677 0.7691058492972243 0.04352352246081897",
                "f 3852 0.2601400000000003 0.2516229999999949 0.48823700000000486",
                "f 3508 0.062073000000000204 0.9329810000000001 0.0049459999999997345",
                "f 3868 0.28488013393186506 0.7055444040334683 0.009575462034666611",
                "f 3511 0.5468021439489998 0.1878937217364704 0.2653041343145297",
                "f 3508 0.1406743717580411 0.8449351507027753 0.014390477539183651",
                "f 3524 0.22738800000000003 0.7171689999999997 0.05544300000000025",
                "f 3509 0.08815300000000148 0.08743499999999998 0.8244119999999986",
                "f 3687 0.9729850000000002 0.007301999999997658 0.01971300000000206",
                "f 3510 0.6600069999999993 0.1873899999999999 0.15260300000000077",
                "f 3684 0.23971500000000073 0.5998619999999992 0.16042300000000004",
                "f 3511 0.5268698560510018 0.39145527826352783 0.08167486568547032",
                "f 3868 0.0884990000000005 0.7034610000000002 0.20803999999999928",
                "f 3525 0.780052000000001 0.1113729999999999 0.10857499999999913",
                "f 1792 0.2936050000000009 0.18163599999999855 0.5247590000000005",
                "f 3510 0.20763200000000015 0.328228 0.4641399999999999",
                "f 3905 0.799153 0.024644999999999237 0.1762020000000007",
                "f 3525 0.508822 0.3186820000000001 0.1724959999999999",
                "f 3870 0.8152719999999999 0.15947899999999982 0.02524900000000027",
                "f 3524 0.03447199999999963 0.90784 0.05768800000000039",
                "f 3871 0.5896360000000007 0.005883000000000001 0.4044809999999993",
                "f 3871 0.4176870000000001 0.08567599999999999 0.49663699999999994",
                "f 3685 0.36737600000000037 0.3931189999999996 0.23950500000000005",
                "f 3525 0.14064199999999982 0.26978099999999994 0.5895770000000002",
                "f 3524 0.5597029202271313 0.27911599999559833 0.16118107977727036",
                "f 3525 0.3283670000000013 0.148682 0.5229509999999987",
                "f 3525 0.42237100000000094 0.09396199999999989 0.4836669999999992",
                "f 3525 0.45667400000000014 0.009708000000000027 0.5336179999999998",
                "f 3525 0.07837847974757206 0.07249090188216116 0.8491306183702668",
                "f 3527 0.08005499999999982 0.6240770000000001 0.2958680000000001",
                "f 3526 0.07922774784447817 0.6867299999676777 0.23404225218784414",
                "f 3527 0.44973499999999966 0.34415600000000035 0.206109",
                "f 3527 0.45757300000000084 0.4448769999999992 0.09754999999999996",
                "f 3527 0.15042500000000072 0.7723539999999992 0.07722100000000007",
                "f 3907 0.5486179599848856 0.12971010976892738 0.321671930246187",
                "f 3907 0.6860239999999989 0.08353300000000011 0.23044300000000104",
                "f 3907 0.3463210000000009 0.05757199999999999 0.5961069999999992",
                "f 3904 0.3086150000000006 0.3213370000000007 0.37004799999999877",
                "f 3904 0.07334511822624734 0.32333203180192854 0.6033228499718241",
                "f 3904 0.05890800000000018 0.12297599999999889 0.818116000000001",
                "f 3907 0.8052379599848851 0.03332910976892744 0.1614329302461874",
                "f 3904 0.023474000000000023 0.9280570000000004 0.048468999999999623",
                "f 3904 0.14239300000000008 0.8521150000000004 0.005491999999999517",
                "f 3904 0.29370399999999974 0.5102260000000005 0.19606999999999972",
                "f 3904 0.025685118226246473 0.5548750318019287 0.4194398499718249",
                "f 3904 0.24074499999999974 0.7205520000000005 0.03870299999999974",
                "f 3904 0.22578011822624672 0.3741230318019289 0.40009684997182443",
                "f 3904 0.16995111822624742 0.5790390318019291 0.2510098499718235",
                "f 372 0.5168650000000001 0.2526209999999999 0.23051400000000002",
                "f 3904 0.13000000000000045 0.42460499999999923 0.4453950000000003",
                "f 2156 0.6208419999999973 0.296520000000003 0.08263799999999967",
                "f 245 0.24521323441577414 0.1446274976171693 0.6101592679670566",
                "f 2018 0.16857599999999984 0.1270700000000002 0.7043539999999999",
                "f 1921 0.22726899999999783 0.7592100000000018 0.013521000000000338",
                "f 3895 0.517841 0.08655400000000033 0.3956049999999996",
                "f 151 0.33121899999999904 0.46487100000000026 0.20391000000000073",
                "f 3892 0.27448320673475823 0.03983079321279459 0.6856860000524472",
                "f 3895 0.35657299999999975 0.3113760000000012 0.33205099999999904",
                "f 3861 0.10828999999999978 0.5679830000000002 0.323727",
                "f 3892 0.2864759999999994 0.2841720000000005 0.42935200000000007",
                "f 3860 0.47569799999999884 0.35920500000000105 0.16509700000000002",
                "f 3516 0.645515 0.2970210000000003 0.05746399999999973",
                "f 149 0.5656650000000005 0.10186500000000043 0.33246999999999904",
                "f 149 0.40268901335285096 0.1230491180812208 0.4742618685659283",
                "f 149 0.7057149999999998 0.053956999999999825 0.24032800000000046",
                "f 149 0.6224480000000006 0.3524480000000009 0.02510399999999846",
                "f 3685 0.07723599999999985 0.832474 0.0902900000000001",
                "f 3524 0.8128780000000003 0.13588800000000012 0.05123399999999952",
                "f 3524 0.2019950000000007 0.07357100000000008 0.7244339999999992",
                "f 3892 0.8352420000000002 0.0839869999999999 0.08077099999999991",
                "f 3527 0.17227149418342635 0.07161540136202754 0.756113104454546",
                "f 3560 0.6035272067138813 0.1525759999475528 0.24389679333856593",
                "f 3562 0.7252750000000003 0.05950000000000008 0.21522499999999953",
                "f 3892 0.03909979326524052 0.7660182067872064 0.19488199994755304",
                "f 3893 0.4408190000000007 0.38993399999999945 0.16924699999999987",
                "f 3895 0.5799729999999998 0.37597 0.044057000000000096",
                "f 3 0.619840921360463 0.18526402339819967 0.19489505524133727",
                "f 1662 0.7143499999999998 0.13701499999999983 0.14863500000000032",
                "f 1663 0.42206099999999913 0.1431750000000004 0.4347640000000005",
                "f 1660 0.28329700000000047 0.09534900000000021 0.6213539999999993",
                "f 1665 0.1994002028339436 0.7867646765913133 0.013835120574743068",
                "f 246 0.4471870000000003 0.08016399999999978 0.47264899999999993",
                "f 1663 0.244932 0.749368 0.005699999999999952",
                "f 1667 0.7856928594302133 0.17221931570141003 0.04208782486837668",
                "f 2018 0.41500599999999954 0.5409500000000004 0.04404400000000011",
                "f 2018 0.21090499999999945 0.2867220000000005 0.5023730000000001",
                "f 149 0.26413799999999943 0.5344219999999988 0.20144000000000176",
                "f 1922 0.054784000000000055 0.03950400000000045 0.9057119999999995",
                "f 2041 0.08476599999999952 0.8514400000000005 0.06379399999999995",
                "f 1950 0.12733399999999995 0.13577399999999976 0.7368920000000003",
                "f 1661 0.978057 0.0074209999999998895 0.014522000000000174",
                "f 1660 0.43024557448213246 0.47139076667876495 0.09836365883910266",
                "f 1664 0.45813600000000027 0.3513269999999995 0.19053700000000023",
                "f 3530 0.2511879999999976 0.3141410000000012 0.4346710000000012",
                "f 1856 0.13459399999999747 0.7210030000000064 0.14440299999999615",
                "f 1859 0.7167469999999998 0.034982000000001186 0.24827099999999905",
                "f 1921 0.24543500000000107 0.639994999999999 0.11456999999999996",
                "f 1662 0.1492290000000001 0.49683500000000025 0.35393599999999964",
                "f 1859 0.3924690000000013 0.16105200000000366 0.4464789999999951",
                "f 3525 0.0595979999999989 0.9330879999999999 0.0073140000000011815",
                "f 3852 0.022989999999994293 0.21459699999999635 0.7624130000000093",
                "f 1922 0.308713 0.1422049999999998 0.5490820000000002",
                "f 1922 0.1935720000000004 0.09046699999999981 0.7159609999999997",
                "f 1922 0.3887690000000021 0.21068199999999818 0.40054899999999977",
                "f 1922 0.4483561231599758 0.31196975132669513 0.23967412551332906",
                "f 177 0.4163750000000001 0.45199500000000026 0.13162999999999964",
                "f 1950 0.1613270000000001 0.3836219999999996 0.4550510000000003",
                "f 1950 0.35184600000000044 0.14462900000000173 0.5035249999999979",
                "f 1951 0.26191220313081354 0.2642568492380045 0.47383094763118194",
                "f 1950 0.6075290000000003 0.1761600000000014 0.21631099999999828",
                "f 3868 0.35889100000000196 0.04655899999999858 0.5945499999999995",
                "f 3527 0.09675800000000057 0.5238959999999994 0.37934600000000007",
                "f 3511 0.6084319999999992 0.047969000000000823 0.34359900000000004",
                "f 1951 0.707867 0.09952999999999981 0.19260300000000025",
                "f 3904 0.37678700000000065 0.5194220000000006 0.10379099999999872",
                "f 1951 0.431876796869189 0.3659801507619937 0.20214305236881727",
                "f 150 0.5804469999999992 0.34326499999999954 0.07628800000000131",
                "f 150 0.448078 0.40708199999999894 0.14484000000000108",
                "f 3852 0.3124241807787912 0.19688149816837017 0.4906943210528386",
                "f 3852 0.1927539999999991 0.2986329999999993 0.5086130000000016",
                "f 3511 0.5640810000000013 0.2614099999999986 0.1745090000000001",
                "f 3524 0.139025920227131 0.8127469999955982 0.0482270797772708",
                "f 3509 0.3782260000000023 0.007049999999999907 0.6147239999999978",
                "f 3871 0.7319980000000015 0.15225600000000003 0.11574599999999846",
                "f 3525 0.6696779999999998 0.1628910000000001 0.16743100000000005",
                "f 3525 0.8767209999999994 0.003653000000000077 0.11962600000000048",
                "f 3905 0.8711759999999997 0.08603399999999972 0.042790000000000536",
                "f 3525 0.1847039999999993 0.018021000000000023 0.7972750000000006",
                "f 3527 0.08655199999999968 0.7136850000000003 0.19976299999999997",
                "f 3907 0.49958800000000053 0.031406999999999935 0.4690049999999995",
                "f 3904 0.20784700000000056 0.167191000000001 0.6249619999999985",
                "f 3904 0.06433400000000011 0.6823600000000006 0.25330599999999925",
                "f 3904 0.23434099999999924 0.5303430000000005 0.2353160000000003",
                "f 2144 0.9221259999999999 0.0699440000000002 0.007929999999999843",
                "f 151 0.3999139999999994 0.3505370000000003 0.2495490000000003",
                "f 151 0.196383 0.6037349999999998 0.1998820000000002",
                "f 149 0.4437990000000006 0.40248299999999876 0.15371800000000055",
                "f 1922 0.6938888768400272 0.07936624867330187 0.22674487448667088",
                "f 151 0.17703299999999894 0.7647669999999999 0.05820000000000121",
                "f 149 0.24155599999999988 0.27518999999999894 0.4832540000000012",
                "f 149 0.052140000000000186 0.3876020000000004 0.5602579999999994",
                "f 1950 0.1876630000000003 0.7180420000000011 0.09429499999999864",
                "f 150 0.03799400000000097 0.6129520000000006 0.3490539999999984",
                "f 1951 0.33708900000000086 0.5808960000000001 0.08201499999999906",
                "f 1949 0.5861129999999994 0.15132700000000104 0.26255999999999946",
                "f 1949 0.12469100355086771 0.6301563815903674 0.24515261485876494",
                "f 1949 0.23060800000000004 0.13064800000000001 0.638744",
                "f 149 0.07578901335285199 0.6601061180812217 0.26410486856592635",
                "f 177 0.2014130000000009 0.6812360000000004 0.11735099999999869",
                "f 1668 0.03442985033596361 0.9609158258040025 0.004654323860033916",
                "f 386 0.462387 0.05601199999999996 0.48160100000000006",
                "f 1668 0.15173199999999978 0.8017720000000006 0.04649599999999963",
                "f 1668 0.0005220000000009106 0.8167779999999991 0.18269999999999997",
                "f 1949 0.654058 0.3282339999999995 0.01770800000000046",
                "f 1949 0.44822400000000023 0.5226949999999999 0.029080999999999833",
                "f 1668 0.3034960000000002 0.5591849999999997 0.1373190000000001",
                "f 1950 0.4049210000000004 0.4901740000000014 0.10490499999999817",
                "f 1949 0.7911490000000017 0.028662999999998825 0.1801879999999996",
                "f 1671 0.680285999999999 0.23996500000000076 0.07974900000000026",
                "f 1666 0.03623699999999941 0.4154370000000005 0.5483260000000001",
                "f 150 0.0707930000000001 0.2553059999999999 0.673901",
                "f 149 0.03677200000000058 0.03550799999999984 0.9277199999999995",
                "f 1949 0.3876280000000001 0.35960700000000034 0.2527649999999996",
                "f 1668 0.1371490000000009 0.6705589999999997 0.1922919999999994",
                "f 1668 0.512888999999999 0.3772980000000006 0.1098130000000004",
                "f 7 0.09642358505572128 0.8388847663534283 0.06469164859085037",
                "f 1797 0.163164999999997 0.5125140000000044 0.32432099999999864",
                "f 5 0.30399499999999957 0.45984500000000067 0.2361599999999997",
                "f 1798 0.25095500000000037 0.6301499999999999 0.11889499999999975",
                "f 9 0.30018499999999915 0.4732620000000008 0.2265530000000001",
                "f 1666 0.31427132408349456 0.04599682612853543 0.63973184978797",
                "f 8 0.9266123101932787 0.007452000657274909 0.06593568914944636",
                "f 8 0.6755216898067214 0.0961769993427258 0.22830131085055272",
                "f 8 0.12178868980671986 0.2215509993427269 0.6566603108505532",
                "f 1668 0.4050580000000005 0.16992100000000007 0.4250209999999994",
                "f 1668 0.0077030000000003485 0.465358000000001 0.5269389999999986",
                "f 1670 0.889083999999999 0.006914000000000748 0.10400200000000023",
                "f 11 0.6997079999999993 0.05811300000000083 0.24217899999999987",
                "f 9 0.29870899999999956 0.31381600000000026 0.3874750000000001",
                "f 9 0.3328780000000007 0.09558299999999981 0.5715389999999996",
                "f 11 0.05542100000000058 0.7270249999999998 0.2175539999999996",
                "f 1798 0.06399600000000139 0.5332779999999984 0.40272600000000025",
                "f 6 0.017104003253428535 0.32722919600635064 0.6556668007402208",
                "f 1798 0.3186210000000018 0.21142799999999612 0.469951000000002",
                "f 1798 0.02545600000000106 0.7617629999999981 0.21278100000000086",
                "f 1798 0.19023700000000104 0.593046999999998 0.21671600000000096",
                "f 5 0.22384499999999907 0.21946999999999917 0.5566850000000018",
                "f 1798 0.37092600000000153 0.3652009999999971 0.26387300000000136",
                "f 1799 0.05607100000000104 0.7901679999999995 0.15376099999999943",
                "f 9 0.5853877261007092 0.3675181595589836 0.047094114340307226",
                "f 1666 0.22264067591650671 0.19354517387146258 0.5838141502120306",
                "f 5 0.35185299999999975 0.5973120000000001 0.0508350000000002",
                "f 1666 0.10416099999999973 0.15633600000000014 0.7395030000000001",
                "f 150 0.02223300000000006 0.03882900000000019 0.9389379999999997",
                "f 1949 0.1961110000000001 0.7762189999999995 0.02767000000000035",
                "f 1668 0.7618300000000007 0.13819300000000037 0.09997699999999893",
                "f 1666 0.2134199999999995 0.01493300000000133 0.7716469999999992",
                "f 1668 0.707749 0.07029800000000005 0.221953",
                "f 5 0.1296060000000004 0.5589570000000004 0.31143699999999924",
                "f 5 0.17779399999999979 0.6923709999999994 0.1298350000000008",
                "f 8 0.8133980000000007 0.04771299999999908 0.13888900000000012",
                "f 8 0.04349668980672072 0.025683999342726957 0.9308193108505524",
                "f 5 0.059949000000000474 0.32391999999999943 0.6161310000000001",
                "f 8 0.4372156898067193 0.15135199934272728 0.41143231085055343",
                "f 1668 0.25909699999999974 0.4608820000000002 0.280021",
                "f 1668 0.46538400000000013 0.29346000000000017 0.24115599999999973",
                "f 8 0.6058039999999999 0.35526 0.0389360000000001",
                "f 8 0.3324290000000002 0.41847499999999993 0.24909599999999985",
                "f 1671 0.6654539999999999 0.060481999999999696 0.2740640000000004",
                "f 1668 0.06560299999999991 0.6133239999999999 0.3210730000000002",
                "f 1668 0.20484199999999952 0.31890299999999866 0.47625500000000187",
                "f 1671 0.1677630000000001 0.17637299999999984 0.655864",
                "f 1670 0.7402748545886149 0.15298380952946258 0.10674133588192257",
                "f 1671 0.1853112783567007 0.051718843117757554 0.7629698785255418",
                "f 8 0.015500000000000957 0.49126799999999926 0.4932319999999998",
                "f 8 0.27677368980672157 0.6724169993427257 0.05080931085055272",
                "f 1668 0.13479400000000008 0.09035499999999913 0.7748510000000008",
                "f 11 0.8352525846984853 0.12843264841109556 0.03631476689041917",
                "f 9 0.5998090000000009 0.3312749999999998 0.06891599999999934",
                "f 9 0.3116310000000005 0.4123910000000002 0.27597799999999933",
                "f 9 0.5809890000000005 0.2182700000000009 0.20074099999999864",
                "f 9 0.5748699999999998 0.10006400000000008 0.32506600000000013",
                "f 11 0.525304415301513 0.4570283515889047 0.01766723310958239",
                "f 9 0.29255500000000023 0.19570100000000024 0.5117439999999995",
                "f 10 0.5698220000000029 0.2755869999999994 0.15459099999999773",
                "f 10 0.060295999999999794 0.43935600000000097 0.5003479999999992",
                "f 1799 0.01099200000000157 0.9045430000000001 0.08446499999999833",
                "f 11 0.18066199999999977 0.26023299999999994 0.5591050000000003",
                "f 11 0.3522550000000005 0.405771 0.24197399999999952",
                "f 9 0.23672899999999952 0.0022070000000004764 0.761064",
                "f 9 0.08375999999999933 0.43575200000000053 0.4804880000000001",
                "f 9 0.08396900000000018 0.3473169999999997 0.5687140000000002",
                "f 9 0.06781400000000043 0.5481079999999997 0.38407799999999986",
                "f 9 0.08307772610071268 0.5190941595589819 0.39782811434030546",
                "f 1798 0.10156800000000032 0.4069720000000004 0.49145999999999934",
                "f 1798 0.4085200000000006 0.1650019999999997 0.42647799999999975",
                "f 1798 0.20425000000000143 0.347612999999998 0.4481370000000006",
                "f 9 0.10043199999999974 0.25156800000000007 0.6480000000000002",
                "f 9 0.13737427389928847 0.13752884044101718 0.7250968856596943",
                "f 9 0.04112600000000066 0.0693789999999999 0.8894949999999995",
                "f 1798 0.07733300000000004 0.5931340000000003 0.3295329999999997",
                "f 1798 0.18739 0.45996800000000004 0.35264199999999996",
                "f 1798 0.3319740000000005 0.3556940000000004 0.3123319999999991",
                "f 1798 0.2168816909339364 0.6169870584800172 0.1661312505860464",
                "f 1798 0.05425500000000149 0.8851649999999979 0.06058000000000064",
                "f 1798 0.25982699999999986 0.40226399999999946 0.3379090000000006",
                "f 1798 0.11150099999999985 0.685088 0.20341100000000012",
                "f 150 0.26514100000000007 0.5075629999999989 0.22729600000000102",
                "f 150 0.26532700405404375 0.09987961475184777 0.6347933811941084",
                "f 190 0.46409700000000026 0.10949199999999906 0.4264110000000007",
                "f 190 0.21809999999999985 0.40268100000000007 0.3792190000000001",
                "f 190 0.06443300000000007 0.1712639999999999 0.7643030000000001",
                "f 190 0.3823579999999996 0.6018249999999999 0.015817000000000477",
                "f 190 0.06988500000000009 0.6506119999999994 0.2795030000000005",
                "f 2069 0.21009900000000015 0.20215699999999928 0.5877440000000006",
                "f 2071 0.018254716161151964 0.9738079395451152 0.007937344293732792",
                "f 2069 0.3438515304232023 0.39181512668518487 0.26433334289161287",
                "f 2069 0.13324 0.8604430000000021 0.00631699999999794",
                "f 2071 0.04216499999999779 0.43944500000000053 0.5183900000000017",
                "f 191 0.2386560000000002 0.25584699999999927 0.5054970000000005",
                "f 191 0.28937700000000044 0.48200900000000013 0.22861399999999943",
                "f 189 0.3892409999999994 0.03412300000000115 0.5766359999999995",
                "f 219 0.20050000000000082 0.6412270000000005 0.15827299999999864",
                "f 216 0.4940219999999998 0.35777300000000056 0.14820499999999964",
                "f 217 0.46280400000000044 0.3334669999999999 0.20372899999999963",
                "f 217 0.3885406411815878 0.0013662233211673405 0.6100931354972449",
                "f 219 0.23046603763246132 0.10899865829391253 0.6605353040736262",
                "f 1784 0.8579905749425076 0.07604676615576926 0.06596265890172318",
                "f 216 0.6942889999999996 0.14932700000000068 0.15638399999999972",
                "f 216 0.19109848776265448 0.007443094644706551 0.8014584175926389",
                "f 216 0.32641499999999957 0.15477500000000033 0.5188100000000001",
                "f 1784 0.3066530000000001 0.5172489999999993 0.1760980000000006",
                "f 286 0.3128946536069387 0.6781807525574564 0.008924593835604946",
                "f 2058 0.29441899999999854 0.013895000000000915 0.6916860000000006",
                "f 285 0.6375280000000002 0.12149500000000149 0.24097699999999836",
                "f 2059 0.07515999999999948 0.8049359999999985 0.11990400000000198",
                "f 189 0.20504499999999937 0.23743700000000056 0.5575180000000001",
                "f 1988 0.3543170000000008 0.2625059999999998 0.3831769999999994",
                "f 1990 0.38646899999999906 0.24191700000000083 0.3716140000000001",
                "f 216 0.1629130000000003 0.7312729999999998 0.10581399999999985",
                "f 284 0.08569799999999972 0.010209999999999216 0.9040920000000011",
                "f 286 0.7337259999999999 0.09897800000000236 0.16729599999999772",
                "f 1988 0.18911268963687325 0.6475329796993305 0.1633543306637962",
                "f 190 0.003237000000000837 0.9962329999999989 0.0005300000000002381",
                "f 284 0.28902299999999975 0.305041999999999 0.4059350000000013",
                "f 2056 0.42255621736434734 0.07463865685508576 0.5028051257805669",
                "f 1989 0.346836999999999 0.5933760000000006 0.05978700000000042",
                "f 1991 0.5399630000000004 0.20912099999999845 0.2509160000000012",
                "f 1779 0.8821841863738282 0.11663615899425661 0.001179654631915168",
                "f 1777 0.6334055681341938 0.06869377157212904 0.2979006602936771",
                "f 1777 0.3770434318658063 0.1372852284278702 0.48567133970632353",
                "f 1779 0.34981799999999946 0.21839500000000095 0.43178699999999953",
                "f 188 0.09484800000000004 0.05662300000000045 0.8485289999999995",
                "f 188 0.23125299999999926 0.2191290000000011 0.5496179999999996",
                "f 1776 0.28228099999999984 0.40192499999999953 0.31579400000000063",
                "f 124 0.6708860000000005 0.024040000000000526 0.305073999999999",
                "f 1784 0.6032570000000007 0.15237400000000045 0.2443689999999988",
                "f 1784 0.409453 0.21540799999999982 0.37513900000000017",
                "f 124 0.38572418293904553 0.4612671720020224 0.15300864505893205",
                "f 1777 0.10997899999999972 0.20436699999999958 0.6856540000000008",
                "f 124 0.06250500000000059 0.2504339999999992 0.6870610000000003",
                "f 126 0.5714739999999988 0.04474599999999992 0.38378000000000123",
                "f 1779 0.003019999999999301 0.7325710000000004 0.2644090000000003",
                "f 124 0.16829000000000038 0.10197499999999976 0.7297349999999999",
                "f 1776 0.37958100000000017 0.08813100000000042 0.5322879999999994",
                "f 1776 0.59254 0.05805600000000013 0.34940399999999994",
                "f 1778 0.11800299999999975 0.06976899999999951 0.8122280000000007",
                "f 1778 0.19883300000000026 0.22739999999999896 0.5737670000000008",
