{
    "data": [
        {
            "name": "objShapefingers",
            "contactPoints": [
                "f 2671 0.2793259999999999 0.3647880000000001 0.355886",
                "f 2852 0.025589090955531163 0.7563086636368398 0.21810224540762904",
                "f 2688 0.12208600000000064 0.43929099999999977 0.4386229999999996",
                "f 2691 0.029750086090797767 0.5997835183351602 0.37046639557404204",
                "f 3754 0.8530890000000002 0.08373799999999984 0.06317299999999995",
                "f 3752 0.32042500000000007 0.05661900000000002 0.622956",
                "f 2980 0.30297799999999997 0.41874900000000026 0.27827299999999977",
                "f 2983 0.38267800074740765 0.229184295706953 0.38813770354563937",
                "f 2981 0.2079934463119188 0.37600371576333463 0.4160028379247465",
                "f 3267 0.261355 0.4795680000000001 0.2590769999999999",
                "f 3265 0.2918882075045961 0.24597514838603216 0.4621366441093717",
                "f 2981 0.11656199999999972 0.11552300000000054 0.7679149999999998",
                "f 2845 0.35972099999999974 0.4738630000000002 0.1664160000000001",
                "f 2845 0.7342395065592651 0.2128787186415766 0.05288177479915829",
                "f 2853 0.5451592040041351 0.4195845711598622 0.03525622483600267",
                "f 2845 0.21980449344073438 0.09787428135842367 0.6823212252008419",
                "f 2853 0.7327670000000004 0.15200600000000014 0.11522699999999954",
                "f 2842 0.04087100000000049 0.8956299999999998 0.0634989999999997",
                "f 2842 0.08206600000000008 0.5794120000000004 0.33852199999999955",
                "f 2844 0.31200172592370573 0.48922395419320286 0.1987743198830914",
                "f 2847 0.44088621286392826 0.42638664122996334 0.13272714590610846",
                "f 2845 0.6605049999999997 0.034272000000000094 0.3052230000000002",
                "f 2844 0.20548572592370573 0.3384829541932031 0.4560313198830912",
                "f 2846 0.2507609999999999 0.10742900000000004 0.6418100000000001",
                "f 3754 0.4277619999999997 0.5718180000000003 0.00042000000000005157",
                "f 3753 0.6075319999999998 0.2870400000000002 0.10542800000000001",
                "f 2847 0.521331 0.09228900000000007 0.38637999999999995",
                "f 2847 0.013962000000000363 0.5528610000000003 0.43317699999999937",
                "f 3728 0.47329722504608746 0.15267404988905767 0.3740287250648549",
                "f 2745 0.25536100000000017 0.5792459999999999 0.16539299999999987",
                "f 2745 0.3916510000000002 0.06771400000000001 0.5406349999999998",
                "f 2844 0.059999725923705616 0.054378954193203065 0.8856213198830913",
                "f 3728 0.27970499999999976 0.40691299999999997 0.31338200000000027",
                "f 2057 0.2654319999999998 0.02885299999999966 0.7057150000000005",
                "f 2059 0.13870300000000088 0.8060119999999997 0.05528499999999938",
                "f 2696 0.5525039999999999 0.3297180000000002 0.11777799999999995",
                "f 2689 0.4823007374259698 0.16858607037946557 0.3491131921945646",
                "f 2693 0.6337070000000005 0.24310399999999968 0.12318899999999988",
                "f 2728 0.5791330000000001 0.4139699999999998 0.006897000000000162",
                "f 2742 0.500278 0.26144100000000003 0.23828099999999994",
                "f 3728 0.16769377495391333 0.6559459501109426 0.17636027493514408",
                "f 2692 0.10264200000000029 0.5798300000000002 0.31752799999999953",
                "f 3726 0.4570101032165746 0.24655736176555698 0.2964325350178684",
                "f 2554 0.06697247792809413 0.7180277842694994 0.21499973780240644",
                "f 3725 0.242336 0.5527460000000003 0.2049179999999997",
                "f 2058 0.4778529999999997 0.2486979999999996 0.27344900000000066",
                "f 2058 0.5483859999999999 0.39378500000000005 0.057828999999999985",
                "f 2604 0.2485330000000003 0.5957869999999995 0.15568000000000018",
                "f 2584 0.4444639999999998 0.507159 0.04837700000000015",
                "f 2745 0.6643809999999999 0.022967999999999798 0.31265100000000035",
                "f 2747 0.8911030000000004 0.05249699999999979 0.056399999999999784",
                "f 2607 0.2852389999999998 0.16626199999999988 0.5484990000000003",
                "f 2604 0.37895000000000006 0.23626200000000006 0.38478799999999985",
                "f 3271 0.5254429299835466 0.31323139895307434 0.161325671063379",
                "f 3266 0.13086100000000103 0.6463179999999997 0.22282099999999924",
                "f 3266 0.1545650000000003 0.8131809999999997 0.032253999999999984",
                "f 3270 0.39767400000000025 0.16863899999999948 0.4336870000000002",
                "f 3268 0.008140999999999288 0.6207730000000007 0.371086",
                "f 3958 0.2697020000000001 0.17792899999999967 0.5523690000000002",
                "f 2662 0.4747546731604142 0.2001194758610408 0.32512585097854496",
                "f 3270 0.47667200000000065 0.39288899999999877 0.13043900000000067",
                "f 2662 0.12989967316041418 0.1504954758610408 0.719604850978545",
                "f 2606 0.6910610000000001 0.043107999999999695 0.2658310000000002",
                "f 3287 0.35034900000000024 0.6206899999999999 0.028960999999999893",
                "f 3269 0.19161331294195483 0.13152420567016246 0.6768624813878827",
                "f 2605 0.41866699999999957 0.2594110000000007 0.3219219999999997",
                "f 2607 0.4995039999999998 0.20828600000000028 0.2922099999999999",
                "f 2291 0.013923000000000046 0.7934549999999996 0.19262200000000038",
                "f 2962 0.04728400000000044 0.02288700000000021 0.9298289999999994",
                "f 2269 0.2263850000000002 0.6117350000000004 0.16187999999999944",
                "f 2270 0.014271999999999452 0.7235470000000003 0.2621810000000003",
                "f 2058 0.29112499999999997 0.18587299999999993 0.5230020000000001",
                "f 2607 0.044221999999999984 0.0313090000000003 0.9244689999999998",
                "f 3755 0.4405159999999996 0.04265500000000046 0.516829",
                "f 3752 0.07204699999999975 0.7541229999999999 0.17383000000000037",
                "f 2290 0.13654039526801887 0.15201044246293124 0.7114491622690499",
                "f 2290 0.15662699999999985 0.4403720000000002 0.40300099999999994",
                "f 3752 0.716188569337908 0.02425147178841745 0.2595599588736745",
                "f 3271 0.15456392998354673 0.391547398953074 0.45388867106337927",
                "f 3362 0.4329932675838091 0.17911188524054045 0.3878948471756504",
                "f 3300 0.43600999999999895 0.5131970000000007 0.05079300000000037",
                "f 2606 0.495003 0.041324999999999945 0.46367200000000003",
                "f 3287 0.24907100000000004 0.3925259999999997 0.35840300000000025",
                "f 2256 0.2418929999999998 0.1672110000000002 0.590896",
                "f 2662 0.8687666731604143 0.011652475861040679 0.11958085097854494",
                "f 2250 0.29650000000000054 0.07796199999999974 0.6255379999999997",
                "f 2250 0.03866199999999989 0.7746900000000002 0.1866479999999999",
                "f 2267 0.7203418792340195 0.18016712500107457 0.09949099576490598",
                "f 3270 0.011314000000000268 0.44320599999999954 0.5454800000000002",
                "f 2265 0.13743800000000006 0.06017699999999994 0.802385",
                "f 3270 0.2804699999999996 0.3692330000000005 0.3502969999999999",
                "f 3284 0.2473920000000004 0.7166369999999999 0.03597099999999974",
                "f 3287 0.11912999999999996 0.22303699999999982 0.6578330000000002",
                "f 2653 0.7467469999999997 0.12508200000000008 0.12817100000000017",
                "f 2681 0.8397651438446324 0.08841406949783506 0.07182078665753251",
                "f 2659 0.6056411510498054 0.17042106192217257 0.22393778702802197",
                "f 2683 0.4497154667708015 0.1405274589045662 0.4097570743246323",
                "f 2291 0.05553599999999981 0.21243200000000034 0.7320319999999998",
                "f 3752 0.4343970000000004 0.34332599999999985 0.22227699999999978",
                "f 2657 0.825037 0.1555479999999999 0.01941500000000007",
                "f 2607 0.011743000000000281 0.6816349999999997 0.30662200000000006",
                "f 2251 0.18619200000000052 0.485758 0.32804999999999945",
                "f 2256 0.3857295613559901 0.42493280455929455 0.1893376340847153",
                "f 2656 0.3600619999999999 0.589141 0.050797000000000064",
                "f 2652 0.0864425277586513 0.6516965888355496 0.2618608834057991",
                "f 2606 0.044464000000000614 0.023435999999999624 0.9320999999999998",
                "f 2653 0.28054300000000065 0.12922600000000034 0.5902309999999991",
                "f 2635 0.05016599999999921 0.6519290000000005 0.29790500000000025",
                "f 2659 0.19386199999999987 0.14078200000000038 0.6653559999999997",
                "f 2652 0.042963000000000195 0.08769300000000003 0.8693439999999998",
                "f 2654 0.09950599999999943 0.2583420000000006 0.642152",
                "f 2654 0.05931100000000006 0.7339180000000002 0.20677099999999976",
                "f 2685 0.11789499999999989 0.8284769999999997 0.05362800000000042",
                "f 2685 0.20739399999999963 0.2053660000000007 0.5872399999999997",
                "f 2680 0.3555310000000007 0.13119599999999979 0.5132729999999995",
                "f 2680 0.04318800000000045 0.32041299999999967 0.6363989999999999",
                "f 2683 0.6425430000000001 0.14348100000000027 0.21397599999999958",
                "f 3306 0.07472954487661787 0.14301321763711125 0.7822572374862709",
                "f 2535 0.38120200000000076 0.20546300000000045 0.41333499999999884",
                "f 2963 0.022371000000000293 0.896629 0.0809999999999997",
                "f 3286 0.8699659999999992 0.06164400000000044 0.06839000000000026",
                "f 2289 0.31250219999879375 0.2232094857806623 0.4642883142205439",
                "f 2258 0.04385500000000042 0.43504699999999924 0.5210980000000003",
                "f 2291 0.502975 0.1571599999999999 0.33986500000000003",
                "f 2257 0.025808000000000164 0.18358300000000047 0.7906089999999993",
                "f 2259 0.12258500000000022 0.5982039999999998 0.27921099999999993",
                "f 3959 0.583718 0.05868600000000026 0.3575959999999998",
                "f 3957 0.6108359999999997 0.009477000000000402 0.3796869999999999",
                "f 2699 0.45183199999999973 0.19418500000000014 0.3539830000000001",
                "f 2656 0.3597310000000001 0.22825200000000023 0.4120169999999997",
                "f 3276 0.1929500000000005 0.09921999999999981 0.7078299999999996",
                "f 2961 0.34320299999999965 0.16331000000000018 0.4934870000000002",
                "f 3268 0.2881970000000003 0.4732229999999993 0.2385800000000004",
                "f 3269 0.8157789999999995 0.07366900000000048 0.11055200000000014",
                "f 3268 0.22006599999999965 0.1747760000000001 0.6051580000000003",
                "f 3265 0.05594020750459705 0.07522414838603121 0.8688356441093718",
                "f 2693 0.17232699999999987 0.7388839999999997 0.08878900000000048",
                "f 2605 0.12662051654298234 0.2350431230870052 0.6383363603700125",
                "f 3270 0.8142150000000001 0.14770599999999987 0.03807899999999998",
                "f 2657 0.8150419999999996 0.024859999999999948 0.16009800000000035",
                "f 2605 0.29657848345701776 0.02269187691299431 0.6807296396299879",
                "f 2607 0.19021999999999994 0.5096499999999997 0.30013000000000034",
                "f 2606 0.5656900000000006 0.39317999999999964 0.0411299999999998",
                "f 2606 0.3886379999999998 0.3827849999999999 0.22857700000000022",
                "f 2607 0.11985999999999979 0.87501 0.0051300000000002646",
                "f 2606 0.22048000000000023 0.3588179999999996 0.42070200000000013",
                "f 2656 0.063633 0.6677900000000004 0.26857699999999957",
                "f 2656 0.03642699999999929 0.9255920000000006 0.03798100000000007",
                "f 2606 0.15001199999999973 0.6602100000000006 0.18977799999999964",
                "f 2671 0.4039580000000001 0.5940139999999998 0.0020280000000000744",
                "f 2668 0.11252799999999981 0.7812460000000004 0.10622599999999975",
                "f 2655 0.7850359999999996 0.14903000000000027 0.06593400000000015",
                "f 2671 0.15523199999999948 0.20767600000000008 0.6370920000000004",
                "f 3957 0.3270959999999999 0.34164299999999986 0.3312610000000002",
                "f 2670 0.07211699999999988 0.0797450000000006 0.8481379999999995",
                "f 2688 0.0713103224042525 0.23311234817157517 0.6955773294241724",
                "f 2688 0.17757432240425192 0.6959753481715749 0.12645032942417317",
                "f 3957 0.09192800000000023 0.6558280000000002 0.2522439999999996",
                "f 2656 0.0727939999999988 0.25932800000000045 0.6678780000000007",
                "f 2606 0.3083720000000003 0.030154999999999977 0.6614729999999998",
                "f 3276 0.32778100000000004 0.33927299999999994 0.332946",
                "f 3268 0.6294350000000001 0.0034379999999997477 0.3671270000000002",
                "f 2656 0.662092 0.3124470000000001 0.025460999999999793",
                "f 2652 0.5516890000000004 0.3415940000000006 0.10671699999999892",
                "f 2652 0.026396999999999116 0.3570910000000013 0.6165119999999995",
                "f 2652 0.5727760000000002 0.04826500000000038 0.37895899999999955",
                "f 2635 0.057127999999999256 0.8937370000000006 0.049135000000000185",
                "f 2633 0.18279799999999952 0.41730899999999993 0.39989300000000055",
                "f 2685 0.3208409999999993 0.6601720000000004 0.01898700000000024",
                "f 2265 0.4961939999999998 0.10644099999999994 0.3973650000000003",
                "f 3300 0.06770100000000095 0.5773289999999993 0.35496999999999973",
                "f 3300 0.5252809999999998 0.24245099999999972 0.23226800000000045",
                "f 2265 0.2639549999999993 0.514866000000001 0.2211789999999997",
                "f 2655 0.3362969999999996 0.6222780000000003 0.04142500000000006",
                "f 3293 0.02590199999999998 0.5303539999999993 0.4437440000000007",
                "f 2683 0.6538075332291979 0.00217054109543497 0.3440219256753671",
                "f 2655 0.2933210000000001 0.4041029999999996 0.30257600000000023",
                "f 2654 0.53595999152411 0.44237492846830556 0.021665080007584395",
                "f 2654 0.06542799999999993 0.4714789999999996 0.46309300000000053",
                "f 2685 0.34579309392969915 0.30883716727503735 0.34536973879526345",
                "f 2685 0.17216309392969853 0.450277167275037 0.3775597387952645",
                "f 2267 0.44409599999999894 0.3242880000000001 0.23161600000000093",
                "f 2267 0.0014178792340197033 0.5965781250010747 0.40200399576490564",
                "f 2683 0.9630999999999996 0.005770000000000792 0.03112999999999959",
                "f 2691 0.2208940000000001 0.3421469999999997 0.43695900000000015",
                "f 2680 0.5912840000000001 0.022306999999999456 0.3864090000000004",
                "f 2680 0.5362050964832674 0.2402995315064289 0.2234953720103037",
                "f 2680 0.30844900000000025 0.3979170000000002 0.29363399999999956",
                "f 2685 0.04821690607030138 0.32056183272496164 0.631221261204737",
                "f 2680 0.19711000000000056 0.03954699999999954 0.7633429999999999",
                "f 2683 0.1942429999999996 0.09965200000000045 0.706105",
                "f 2683 0.3889440000000006 0.04815700000000006 0.5628989999999994",
                "f 2680 0.13216600000000095 0.48470099999999905 0.383133",
                "f 2680 0.03603399999999923 0.1583340000000005 0.8056320000000002",
                "f 2680 0.18010599999999954 0.2515400000000009 0.5683539999999996",
                "f 2823 0.32798600000000033 0.46825599999999956 0.2037580000000001",
                "f 2822 0.24410099999999968 0.6523520000000004 0.10354699999999994",
                "f 2983 0.6675249999999999 0.16938600000000004 0.16308899999999998",
                "f 3267 0.4387820000000004 0.5215649999999993 0.03965300000000033",
                "f 2634 0.18438099999999968 0.22298500000000035 0.592634",
                "f 2634 0.008734999999999937 0.4833690000000004 0.5078959999999997",
                "f 3270 0.6347810000000003 0.11398099999999987 0.25123799999999985",
                "f 2821 0.3491210000000003 0.6140829999999997 0.036796000000000016",
                "f 2826 0.924756 0.0027450000000000217 0.07249899999999994",
                "f 2654 0.5275910000000005 0.19009199999999915 0.2823170000000004",
                "f 2680 0.855628000000001 0.11703399999999982 0.027337999999999116",
                "f 2792 0.4522229999999997 0.5094870000000002 0.03829000000000002",
                "f 3363 0.033581999999999446 0.3659940000000003 0.6004240000000002",
                "f 2058 0.04024599999999977 0.8538660000000002 0.105888",
                "f 3268 0.0924189999999995 0.8461310000000004 0.06145000000000008",
                "f 3271 0.2603059999999995 0.06850100000000042 0.6711930000000002",
                "f 3270 0.10668500000000009 0.8731389999999999 0.020176000000000034",
                "f 3286 0.012531633920076057 0.2226960959725969 0.7647722701073271",
                "f 3284 0.3118359999999999 0.4554629999999998 0.23270100000000038",
                "f 2607 0.5886730000000006 0.404184 0.0071429999999994805",
                "f 3306 0.3315199999999997 0.09384299999999994 0.5746370000000004",
                "f 3753 0.03417199999999976 0.017997000000000103 0.9478310000000001",
                "f 3753 0.12162651540322661 0.39217999977922263 0.4861934848175508",
                "f 3300 0.08450700000000033 0.3347619999999996 0.5807310000000001",
                "f 3755 0.499942 0.4754709999999999 0.024587000000000053",
                "f 3284 0.2599918920293327 0.17783411886420064 0.5621739891064667",
                "f 2820 0.35226999999999986 0.058249999999999996 0.5894800000000001",
                "f 2820 0.563702 0.21186000000000005 0.2244379999999999",
                "f 2821 0.16835950688871382 0.5026393307397541 0.3290011623715321",
                "f 2795 0.5897142442121199 0.24717479235247436 0.16311096343540582",
                "f 2822 0.7500628249669401 0.2481544067830593 0.0017827682500005727",
                "f 2820 0.1913295571352367 0.6199830940768071 0.18868734878795623",
                "f 3757 0.49109299999999967 0.15749300000000016 0.3514140000000002",
                "f 3757 0.11158907199026685 0.5391187420706878 0.3492921859390454",
                "f 3754 0.2760739999999998 0.046089999999999985 0.6778360000000002",
                "f 3268 0.695382 0.2875759999999999 0.017042000000000255",
                "f 2696 0.4090960000000002 0.28069899999999987 0.310205",
                "f 2696 0.3182839999999996 0.5739050000000001 0.10781100000000027",
                "f 2793 0.6308860000000001 0.2660439999999999 0.10306999999999994",
                "f 2689 0.21651873742596978 0.7289700703794656 0.05451119219456462",
                "f 2689 0.7550122625740306 0.12207392962053447 0.12291380780543494",
                "f 2691 0.5140369999999999 0.27932599999999996 0.20663700000000024",
                "f 2691 0.35278499999999957 0.5368210000000004 0.11039399999999999",
                "f 2689 0.2306970000000001 0.5017869999999999 0.26751600000000003",
                "f 2689 0.475787 0.4449759999999998 0.07923700000000018",
                "f 2691 0.2139059999999998 0.7641700000000002 0.021923999999999964",
                "f 2693 0.07666099999999954 0.11257600000000016 0.8107630000000003",
                "f 2693 0.372004 0.49258399999999986 0.13541200000000006",
                "f 2689 0.25872526257403017 0.2377659296205341 0.5035088078054357",
                "f 2728 0.2846620000000002 0.4687139999999999 0.24662399999999995",
                "f 2705 0.03653499999999982 0.5311780000000004 0.4322869999999998",
                "f 2695 0.19213300000000058 0.6677679999999996 0.14009899999999983",
                "f 2823 0.7149499968540204 0.233662671966337 0.05138733117964251",
                "f 2690 0.13814900000000024 0.729701 0.1321499999999997",
                "f 2695 0.8462989999999998 0.11618100000000031 0.03751999999999989",
                "f 2695 0.15057600000000065 0.4133059999999996 0.43611799999999973",
                "f 3362 0.1274030000000006 0.7387049999999994 0.133892",
                "f 2823 0.4631850000000002 0.005678999999999838 0.5311359999999999",
                "f 2857 0.13008002268223284 0.2773404639136923 0.5925795134040749",
                "f 2841 0.40646611582203923 0.5849685409840435 0.008565343193917253",
                "f 2843 0.4161189999999996 0.4318110000000005 0.1520699999999999",
                "f 2692 0.23346599999999962 0.19607499999999964 0.5704590000000007",
                "f 2694 0.2467990000000001 0.0989980000000008 0.6542029999999991",
                "f 2695 0.005411000000001054 0.19614999999999955 0.7984389999999993",
                "f 3725 0.6623799999999997 0.1109640000000003 0.22665599999999994",
                "f 3727 0.24184099999999997 0.748333 0.009826000000000005",
                "f 3725 0.1305764322678329 0.40211820554284033 0.46730536218932683",
                "f 2795 0.30124500000000065 0.15446699999999974 0.5442879999999997",
                "f 2856 0.5387730000000002 0.14309400000000086 0.31813299999999906",
                "f 2554 0.1988264779280936 0.24766478426950037 0.5535087378024061",
                "f 3285 0.14394599999999946 0.28460099999999994 0.5714530000000007",
                "f 2843 0.1584874117539843 0.35728322269382784 0.4842293655521879",
                "f 2705 0.08287800000000001 0.7627060000000001 0.1544159999999999",
                "f 2554 0.15618200000000015 0.006625999999999887 0.8371919999999999",
                "f 2701 0.4044079999999999 0.49572100000000013 0.09987100000000003",
                "f 2845 0.03107450655926486 0.6770507186415766 0.2918747747991585",
                "f 2857 0.3991550226822328 0.0713704639136924 0.5294745134040748",
                "f 2753 0.3434581208295611 0.579906466341103 0.0766354128293359",
                "f 2859 0.5649199999999999 0.19876900000000006 0.23631100000000008",
                "f 2846 0.10552627069210445 0.8107335815752434 0.0837401477326521",
                "f 2059 0.09828837993309703 0.27553219956763436 0.6261794204992687",
                "f 2856 0.18545622161442615 0.4591997136961737 0.3553440646894002",
                "f 2841 0.5125219999999996 0.20057000000000008 0.2869080000000003",
                "f 2845 0.2953935065592652 0.273076718641576 0.43152977479915877",
                "f 2847 0.7734080000000004 0.0007989999999998881 0.22579299999999972",
                "f 2847 0.09880699999999987 0.21880499999999986 0.6823880000000002",
                "f 2742 0.4677370891407948 0.07295325238194891 0.45930965847725624",
                "f 2742 0.6069140000000005 0.3700069999999998 0.02307899999999978",
                "f 2858 0.11745799999999951 0.18766700000000072 0.6948749999999998",
                "f 2772 0.49048351881793245 0.09030797137485894 0.41920850980720864",
                "f 2669 0.1589319999999999 0.42964299999999966 0.41142500000000043",
                "f 2662 0.33678367316041435 0.5489654758610406 0.11425085097854507",
                "f 2852 0.5140279090444689 0.0848383363631605 0.40113375459237055",
                "f 2753 0.23532700000000067 0.40481899999999915 0.3598540000000002",
                "f 2745 0.085403 0.10959899999999975 0.8049980000000002",
                "f 2699 0.7226322786030488 0.23401052606820583 0.0433571953287454",
                "f 2852 0.6681479090444695 0.2515513363631596 0.0803007545923708"
            ]
        },
        {
            "name": "objShapepalm",
            "contactPoints": [
                "f 2143 0.2646600000000003 0.7254040000000002 0.009935999999999572",
                "f 519 0.012864999999999793 0.5889090000000003 0.39822599999999986",
                "f 2156 0.47726900000000005 0.018589000000000445 0.5041419999999995",
                "f 2167 0.6168979999999996 0.09600700000000013 0.2870950000000002",
                "f 2153 0.8249812375263597 0.0823366304531145 0.09268213202052587",
                "f 2156 0.004884999999999806 0.14073800000000053 0.8543769999999997",
                "f 2166 0.5683490000000002 0.13054399999999997 0.3011069999999998",
                "f 2154 0.29539440612664497 0.4846496795854706 0.21995591428788436",
                "f 2153 0.02334299999999996 0.8841189999999997 0.09253800000000038",
                "f 2153 0.2665860000000001 0.31486300000000006 0.4185509999999998",
                "f 2140 0.029947999999999808 0.6978660000000003 0.2721859999999999",
                "f 519 0.33477800000000013 0.014098999999999988 0.6511229999999999",
                "f 518 0.4698729999999998 0.13286199999999998 0.39726500000000015",
                "f 524 0.5933909999999999 0.197279 0.20933000000000013",
                "f 524 0.14032000000000044 0.5300689999999996 0.329611",
                "f 2125 0.26326999999999984 0.39902500000000035 0.33770499999999976",
                "f 2164 0.26996 0.22415099999999993 0.505889",
                "f 2156 0.20503799999999953 0.6059750000000003 0.1889870000000002",
                "f 2155 0.2871839999999998 0.4761870000000001 0.2366290000000001",
                "f 2154 0.4747030000000002 0.020025999999999915 0.5052709999999999",
                "f 2124 0.04856 0.9276640000000002 0.023775999999999846",
                "f 2134 0.3649940000000001 0.35691600000000007 0.2780899999999999",
                "f 3568 0.5929120816741233 0.35005430691050304 0.05703361141537351",
                "f 2140 0.18245299999999998 0.32174599999999987 0.49580100000000016",
                "f 2135 0.5584539999999999 0.11469400000000007 0.32685200000000003",
                "f 3571 0.5830139999999999 0.08265599999999991 0.33433000000000007",
                "f 2133 0.3994649999999998 0.1815360000000001 0.41899900000000007",
                "f 493 0.30908226486974383 0.2100279058848741 0.4808898292453821",
                "f 2142 0.9527049999999999 0.041833000000000176 0.005461999999999875",
                "f 2133 0.017395999999999884 0.748634 0.2339700000000001",
                "f 2155 0.017522999999999702 0.9604380000000001 0.022039000000000173",
                "f 2142 0.18771700000000013 0.26581299999999985 0.54647",
                "f 2143 0.035542635313771054 0.494392317173509 0.47006504751272"
            ]
        },
        {
            "name": "objShapethumb",
            "contactPoints": [
                "f 366 0.35355999999999954 0.4337280000000002 0.21271200000000023",
                "f 416 0.4823185230396957 0.3378134262543913 0.17986805070591308",
                "f 411 0.017955036629532684 0.1900409375520585 0.7920040258184088",
                "f 445 0.10625600000000068 0.05701400000000004 0.8367299999999993",
                "f 3558 0.2745160022065568 0.2898029240300436 0.4356810737633996",
                "f 3559 0.5960950000000003 0.15212599999999973 0.25177900000000003",
                "f 1464 0.18880755170826055 0.6425878566606743 0.16860459163106514",
                "f 1018 0.15171699999999966 0.4297540000000004 0.41852899999999993",
                "f 1462 0.02252802592820824 0.3842942277695418 0.59317774630225",
                "f 3556 0.5643670000000001 0.2472439999999998 0.18838900000000008",
                "f 988 0.280636 0.5362699999999999 0.18309400000000006",
                "f 1006 0.3737330000000004 0.3279599999999999 0.29830699999999966",
                "f 991 0.06574653367660144 0.41673682710826676 0.5175166392151318",
                "f 1436 0.2504740000000004 0.21164299999999986 0.5378829999999998",
                "f 1437 0.016443000000000207 0.3631870000000006 0.6203699999999992",
                "f 1005 0.03172993972787863 0.7262536209167276 0.24201643935539374",
                "f 1456 0.17197478030760627 0.28609998576455853 0.5419252339278352",
                "f 1456 0.5346402196923947 0.00991401423544106 0.4554457660721643",
                "f 1456 0.5603430000000005 0.430114 0.009542999999999528",
                "f 394 0.23048599999999997 0.7597080000000002 0.00980599999999986",
                "f 439 0.4245789999999996 0.3200760000000003 0.25534500000000016",
                "f 366 0.24467312229274762 0.0448654585882729 0.7104614191189795",
                "f 411 0.5406960366295324 0.2985509375520587 0.1607530258184089",
                "f 411 0.20448299999999958 0.747405 0.048112000000000425",
                "f 410 0.6727669999999997 0.29038700000000056 0.03684599999999977",
                "f 447 0.408320601666023 0.13290918349386488 0.45877021484011204",
                "f 446 0.628986 0.275445 0.09556899999999999",
                "f 445 0.361227469500062 0.2989831578448326 0.33978937265510545",
                "f 441 0.19468400000000022 0.6439359999999996 0.16138000000000016",
                "f 437 0.39353100000000013 0.5679100000000005 0.03855899999999938",
                "f 3558 0.7051270022065564 0.10653892403004359 0.18833407376339997",
                "f 440 0.09659388197654895 0.3165680703361857 0.5868380476872653",
                "f 3558 0.12335299779344314 0.7490310759699567 0.1276159262366002",
                "f 3559 0.37368599999999996 0.029123999999999844 0.5971900000000002",
                "f 3559 0.15750713016663015 0.4440505043880698 0.39844236544530004",
                "f 3559 0.38022286983336984 0.5866624956119298 0.033114634554700345",
                "f 364 0.13889096896665454 0.11408090552445749 0.747028125508888",
                "f 408 0.22170887770467573 0.0880040087436126 0.6902871135517117",
                "f 441 0.87815 0.06360200000000002 0.05824799999999993",
                "f 415 0.5365360000000001 0.121862 0.34160199999999985",
                "f 1462 0.22709099999999996 0.6058400000000007 0.16706899999999933",
                "f 1462 0.6417799740717918 0.060259772230458815 0.29796025369774937",
                "f 1018 0.5937059999999998 0.20243200000000078 0.20386199999999932",
                "f 1462 0.30983799999999995 0.35427600000000015 0.3358859999999999",
                "f 1464 0.42721944829173925 0.49537314333932553 0.07740740836893517",
                "f 1462 0.3122080259282076 0.11573822776954203 0.5720537463022504",
                "f 445 0.08832199999999987 0.723512 0.18816600000000008",
                "f 3556 0.36683000000000016 0.15223599999999976 0.48093400000000003",
                "f 3556 0.22705432238078999 0.5129087304114655 0.26003694720774456",
                "f 988 0.9124721623689873 0.03971276663437503 0.047815070996637676",
                "f 988 0.22654299999999994 0.038597999999999806 0.7348590000000003",
                "f 996 0.18055223142918964 0.33319751428410344 0.4862502542867069",
                "f 996 0.6439712314291899 0.11604951428410348 0.2399792542867067",
                "f 988 0.5405518376310124 0.08788323336562524 0.37156492900336235",
                "f 1007 0.37218299999999954 0.2499500000000001 0.37786700000000034",
                "f 999 0.10634999999999992 0.6764470000000002 0.21720299999999984",
                "f 998 0.6830020000000003 0.15799100000000013 0.15900699999999962",
                "f 3557 0.4952280000000007 0.2658479999999991 0.2389240000000002",
                "f 3557 0.8946120000000002 0.0355669999999996 0.06982100000000024",
                "f 991 0.47131000000000023 0.08649300000000013 0.4421969999999996",
                "f 989 0.2774996614447799 0.5451260296462873 0.17737430890893283",
                "f 990 0.29755342211613706 0.4276174991501476 0.27482907873371537",
                "f 1436 0.4390919999999999 0.43236500000000033 0.12854299999999977",
                "f 1429 0.6051969999999998 0.3660400000000004 0.02876299999999987",
                "f 1431 0.7053250000000004 0.19809199999999982 0.0965829999999998",
                "f 1439 0.09994699999999979 0.01885000000000001 0.8812030000000002",
                "f 394 0.391341 0.38383399999999995 0.224825",
                "f 438 0.5015179999999999 0.05087200000000007 0.44761",
                "f 438 0.17332500000000028 0.5380719999999999 0.28860299999999983",
                "f 1439 0.09469900000000037 0.6267279999999998 0.2785729999999998",
                "f 1439 0.4113754591903468 0.4629164332304023 0.12570810757925088",
                "f 1449 0.5634780000000001 0.22364099999999962 0.21288100000000026",
                "f 1005 0.5304960000000001 0.30060199999999954 0.1689020000000003",
                "f 1018 0.225738 0.13487800000000078 0.6393839999999993",
                "f 1462 0.06180702592820819 0.10528922776954175 0.8329037463022501",
                "f 1005 0.1770400000000002 0.09498200000000041 0.7279779999999993",
                "f 1437 0.6941859639946046 0.0707630500845725 0.2350509859208229",
                "f 1437 0.1285100360053948 0.49968394991542764 0.37180601407917757",
                "f 436 0.3406240000000001 0.524346 0.13502999999999993",
                "f 439 0.11117900000000058 0.10279199999999952 0.7860289999999999",
                "f 1464 0.09654400000000019 0.3992939999999998 0.504162",
                "f 1456 0.1439180000000002 0.6183199999999995 0.23776200000000025",
                "f 1449 0.17921787106275078 0.32606196846516405 0.4947201604720852",
                "f 1449 0.2633699999999996 0.47426899999999966 0.2623610000000008",
                "f 1449 0.07280200000000048 0.7315690000000008 0.19562899999999872",
                "f 1456 0.3604830000000004 0.15376000000000026 0.4857569999999994",
                "f 1464 0.3647939999999998 0.27578499999999984 0.3594210000000004",
                "f 1464 0.5893275517082606 0.21376385666067388 0.1969085916310655",
                "f 1456 0.8272660000000002 0.12085500000000009 0.051878999999999745",
                "f 1456 0.34596300000000046 0.40785900000000047 0.24617799999999915",
                "f 1464 0.33965900000000004 0.041794999999999874 0.618546",
                "f 1456 0.5582819999999994 0.20141200000000037 0.24030600000000027"
            ]
        },
        {
            "name": "humanShapefingers",
            "contactPoints": [
                "v 513",
                "v 2050",
                "v 514",
                "v 524",
                "v 1551",
                "v 1552",
                "v 1553",
                "v 1554",
                "v 1555",
                "v 1557",
                "v 1558",
                "v 1559",
                "v 2083",
                "v 2084",
                "v 2085",
                "v 2086",
                "v 2087",
                "v 2088",
                "v 2089",
                "v 2090",
                "v 2091",
                "v 2092",
                "v 2093",
                "v 2094",
                "v 47",
                "v 48",
                "v 2096",
                "v 2095",
                "v 2099",
                "v 2097",
                "v 2098",
                "v 2102",
                "v 2103",
                "v 2609",
                "v 2610",
                "v 563",
                "v 564",
                "v 565",
                "v 566",
                "v 2110",
                "v 2111",
                "v 567",
                "v 568",
                "v 569",
                "v 570",
                "v 2628",
                "v 581",
                "v 2632",
                "v 2633",
                "v 2122",
                "v 2123",
                "v 2635",
                "v 2636",
                "v 1748",
                "v 1631",
                "v 1632",
                "v 1633",
                "v 1749",
                "v 2147",
                "v 2148",
                "v 1750",
                "v 2150",
                "v 2666",
                "v 1751",
                "v 1752",
                "v 624",
                "v 625",
                "v 1137",
                "v 1138",
                "v 1139",
                "v 1140",
                "v 630",
                "v 631",
                "v 1141",
                "v 1142",
                "v 1143",
                "v 1144",
                "v 1146",
                "v 1753",
                "v 1754",
                "v 1755",
                "v 641",
                "v 1756",
                "v 1157",
                "v 2182",
                "v 1158",
                "v 1159",
                "v 137",
                "v 1757",
                "v 139",
                "v 1758",
                "v 1759",
                "v 1760",
                "v 666",
                "v 667",
                "v 668",
                "v 670",
                "v 165",
                "v 166",
                "v 680",
                "v 681",
                "v 170",
                "v 171",
                "v 682",
                "v 683",
                "v 684",
                "v 2733",
                "v 686",
                "v 2735",
                "v 687",
                "v 689",
                "v 690",
                "v 688",
                "v 691",
                "v 694",
                "v 695",
                "v 2744",
                "v 1768",
                "v 2241",
                "v 194",
                "v 1769",
                "v 1222",
                "v 1223",
                "v 1224",
                "v 1225",
                "v 1226",
                "v 2251",
                "v 2252",
                "v 2253",
                "v 2788",
                "v 1741",
                "v 1232",
                "v 1742",
                "v 1744",
                "v 1745",
                "v 1746",
                "v 551",
                "v 2774",
                "v 1747",
                "v 2776",
                "v 2777",
                "v 2778",
                "v 2779",
                "v 2780",
                "v 2781",
                "v 2782",
                "v 2783",
                "v 2784",
                "v 2785",
                "v 2274",
                "v 2275",
                "v 2786",
                "v 2277",
                "v 2278",
                "v 2279",
                "v 2280",
                "v 2281",
                "v 2282",
                "v 2787",
                "v 2790",
                "v 237",
                "v 238",
                "v 2791",
                "v 2792",
                "v 2800",
                "v 2801",
                "v 2803",
                "v 2802",
                "v 2805",
                "v 1066",
                "v 1777",
                "v 1779",
                "v 1067",
                "v 2810",
                "v 1780",
                "v 2812",
                "v 2813",
                "v 2814",
                "v 2815",
                "v 2816",
                "v 2817",
                "v 1068",
                "v 1069",
                "v 2811",
                "v 2312",
                "v 2828",
                "v 2829",
                "v 2830",
                "v 2831",
                "v 2832",
                "v 2833",
                "v 2834",
