{
    "data": [
        {
            "name": "objShapefingers",
            "contactPoints": [
                "f 1012 0.3426549999999998 0.09468299999999981 0.5626620000000003",
                "f 1024 0.7479292284017832 0.20641143487044913 0.04565933672776771",
                "f 977 0.5620050000000001 0.17882000000000015 0.25917499999999966",
                "f 969 0.06006799999999979 0.21671800000000024 0.723214",
                "f 977 0.37672249080238196 0.48305638659509925 0.14022112260251882",
                "f 966 0.007160999999999753 0.985725 0.007114000000000285",
                "f 967 0.2545059999999997 0.5855960000000001 0.1598980000000002",
                "f 1020 0.2117722860503633 0.48761178294469276 0.30061593100494394",
                "f 966 0.041551732598647195 0.5217731392164556 0.4366751281848972",
                "f 1020 0.4365670000000003 0.27129999999999965 0.29213300000000003",
                "f 967 0.4385049999999994 0.19349499999999983 0.3680000000000007",
                "f 964 0.1625500000000003 0.4318579999999995 0.4055920000000002",
                "f 964 0.17280929667147538 0.18024762123237034 0.6469430820961543",
                "f 966 0.4525237325986471 0.3395551392164558 0.20792112818489716",
                "f 966 0.44393099999999985 0.5449260000000004 0.011142999999999773",
                "f 957 0.07840500000000017 0.09451799999999995 0.8270769999999998",
                "f 3213 0.3412090000000001 0.4514930000000001 0.20729799999999976",
                "f 2761 0.6307419999999999 0.007590999999999611 0.36166700000000046",
                "f 2854 0.18343000000000004 0.7306929999999999 0.08587700000000004",
                "f 3304 0.5533899554056741 0.35816906851018215 0.0884409760841437",
                "f 949 0.3456493670313752 0.36654014375697686 0.2878104892116479",
                "f 958 0.020344000000000584 0.4691519999999997 0.5105039999999997",
                "f 966 0.8480989999999999 0.13483100000000028 0.01706999999999979",
                "f 950 0.10740849201669246 0.784941139132564 0.10765036885074351",
                "f 1008 0.6634376415242689 0.29785958647268246 0.03870277200304866",
                "f 949 0.7027666329686247 0.13446385624302323 0.162769510788352",
                "f 957 0.32862399999999947 0.08354500000000063 0.5878309999999999",
                "f 959 0.11143600000000009 0.545295 0.34326899999999994",
                "f 951 0.8918589999999998 0.008820000000000043 0.0993210000000001",
                "f 951 0.057458999999999816 0.25158800000000014 0.690953",
                "f 948 0.16980899999999985 0.6638859999999999 0.16630500000000029",
                "f 930 0.32799900000000026 0.46958999999999984 0.2024109999999999",
                "f 977 0.08579999999999993 0.8724940000000002 0.041705999999999854",
                "f 969 0.1683377320735558 0.6219897692197837 0.20967249870666055",
                "f 950 0.2909719999999997 0.11377899999999978 0.5952490000000006",
                "f 930 0.12192100000000011 0.45615799999999973 0.42192100000000016",
                "f 937 0.4609843495049458 0.5079228865218708 0.031092763973183366",
                "f 971 0.39646999999999993 0.5778410000000003 0.025688999999999802",
                "f 937 0.47416599999999987 0.06050600000000014 0.46532799999999996",
                "f 937 0.2344270000000001 0.3270529999999999 0.43851999999999997",
                "f 938 0.24270380861055207 0.6519122418478661 0.1053839495415818",
                "f 971 0.894598 0.007304999999999908 0.09809700000000013",
                "f 969 0.40597499999999964 0.07072300000000041 0.5233019999999999",
                "f 969 0.33069099999999996 0.3378140000000001 0.331495",
                "f 969 0.47090726792644405 0.49695223078021655 0.03214050129333942",
                "f 971 0.673388 0.31469099999999994 0.011921000000000105",
                "f 969 0.7822869999999995 0.21226700000000062 0.005445999999999849",
                "f 2700 0.6063017717666271 0.23221630906103952 0.16148191917233334",
                "f 2555 0.580899 0.14967799999999967 0.2694230000000003",
                "f 2703 0.9489379999999998 0.0173880000000002 0.03367400000000002",
                "f 2555 0.2837299999999996 0.002859999999999831 0.7134100000000005",
                "f 2555 0.04006349213215976 0.4203621132509315 0.5395743946169088",
                "f 2558 0.18329800000000046 0.35420199999999974 0.46249999999999986",
                "f 2545 0.02879925644030068 0.03480237488439662 0.9363983686753027",
                "f 2553 0.5379439999999999 0.12055800000000033 0.34149799999999975",
                "f 2545 0.017025000000000318 0.8409289999999999 0.14204599999999976",
                "f 2822 0.056803000000000436 0.6696519999999999 0.27354499999999965",
                "f 2553 0.03717499999999968 0.6337910000000001 0.3290340000000002",
                "f 2821 0.10245800000000016 0.2908919999999997 0.6066500000000001",
                "f 2795 0.2584847593810007 0.5704682144991626 0.17104702611983671",
                "f 2517 0.12293999999999919 0.7835960000000004 0.09346400000000041",
                "f 2545 0.31427625644030055 0.504170374884397 0.18155336867530245",
                "f 2681 0.02830399999999983 0.6015720000000008 0.3701239999999994",
                "f 2681 0.5076570000000005 0.37286199999999986 0.11948099999999968",
                "f 2655 0.10658700000000068 0.8198739999999991 0.07353900000000022",
                "f 2686 0.45290200000000036 0.052938000000000034 0.4941599999999996",
                "f 2683 0.23766646772328792 0.6959824559584133 0.06635107631829874",
                "f 694 0.3356999999999989 0.30416400000000043 0.3601360000000007",
                "f 720 0.8813529999999996 0.045201999999999375 0.07344500000000095",
                "f 2556 0.2419940000000001 0.41889 0.3391159999999999",
                "f 2841 0.06594899999999987 0.6816029999999998 0.2524480000000003",
                "f 2855 0.823993 0.05384299999999973 0.12216400000000033",
                "f 2555 0.14053099999999993 0.8496780000000005 0.009790999999999566",
                "f 3726 0.6174500000000003 0.3051449999999994 0.0774050000000004",
                "f 2825 0.525463 0.10571300000000008 0.3688239999999999",
                "f 2826 0.7263109999999999 0.15468700000000019 0.11900199999999987",
                "f 2553 0.11878999999999962 0.3213939999999999 0.5598160000000004",
                "f 2692 0.7309900000000005 0.19151399999999988 0.0774959999999997",
                "f 2686 0.12572199999999945 0.027003000000000412 0.8472750000000001",
                "f 2554 0.1842544791475638 0.6248467742581091 0.19089874659432712",
                "f 2554 0.2318670000000001 0.30970399999999954 0.45842900000000036",
                "f 2692 0.347754 0.41648600000000074 0.2357599999999992",
                "f 3725 0.5401979999999995 0.014616000000000368 0.445186",
                "f 629 0.2608579999999998 0.20073200000000047 0.5384099999999997",
                "f 2545 0.8856817435596996 0.07897462511560319 0.03534363132469724",
                "f 631 0.08210100000000081 0.5183559999999999 0.39954299999999926",
                "f 613 0.16736899999999888 0.13099800000000136 0.7016329999999997",
                "f 2862 0.2616689999999998 0.45115499999999986 0.2871760000000003",
                "f 2865 0.5717034104278614 0.1325193826524146 0.295777206919724",
                "f 629 0.11392600000000058 0.5682410000000007 0.31783299999999876",
                "f 3591 0.3991279999999996 0.45992900000000014 0.14094300000000023",
                "f 915 0.588983 0.14071999999999982 0.2702970000000001",
                "f 912 0.021186999999999977 0.9175619999999999 0.061251000000000146",
                "f 907 0.08714400000000044 0.6544659999999997 0.2583899999999999",
                "f 889 0.029023000000000174 0.9052250000000001 0.06575199999999977",
                "f 2556 0.12414400000000028 0.6930459999999998 0.1828099999999999",
                "f 2559 0.9555109999999993 0.026050000000000743 0.018438999999999834",
                "f 2630 0.8012156308399603 0.15195030565647333 0.046834063503566455",
                "f 2546 0.5206872979840174 0.3639843044714663 0.11532839754451624",
                "f 2545 0.3331207435596987 0.1049786251156032 0.5619006313246981",
                "f 2545 0.6014272564403007 0.1512193748843967 0.24735336867530258",
                "f 2544 0.11859624402511565 0.47189759365066575 0.4095061623242186",
                "f 907 0.2099319999999999 0.2366939999999996 0.5533740000000005",
                "f 885 0.11900489996140695 0.2772663784924585 0.6037287215461346",
                "f 888 0.05995799999999982 0.786328 0.15371400000000016",
                "f 889 0.6596405963967849 0.31500821735464535 0.02535118624856977",
                "f 904 0.13751400000000036 0.1387589999999999 0.7237269999999998",
                "f 3216 0.8353870000000002 0.13665299999999955 0.027960000000000203",
                "f 2754 0.4483369999999999 0.2859950000000001 0.265668",
                "f 3216 0.0658139999999997 0.720782 0.21340400000000026",
                "f 805 0.05153500000000055 0.534911 0.4135539999999994",
                "f 2536 0.3714742506256607 0.5362086221107736 0.09231712726356574",
                "f 2539 0.8324397209336405 0.12069926574370143 0.04686101332265814",
                "f 2535 0.004096000000000211 0.20024800000000015 0.7956559999999996",
                "f 752 0.014088999999999907 0.1837130000000001 0.802198",
                "f 891 0.14468199999999964 0.14541999999999983 0.7098980000000005",
                "f 891 0.33718800000000004 0.35280999999999996 0.310002",
                "f 890 0.7067439999999998 0.10131599999999993 0.19194000000000022",
                "f 2760 0.4547519110351833 0.36629920010594036 0.1789488888588763",
                "f 2755 0.46740699999999963 0.06603400000000009 0.4665590000000002",
                "f 3199 0.0003929999999995812 0.9450990000000001 0.054508000000000285",
                "f 3192 0.4084550000000003 0.2855859999999999 0.3059589999999998",
                "f 1514 0.06901000000000018 0.6264489999999996 0.30454100000000023",
                "f 1523 0.09902299999999936 0.7034420000000002 0.1975350000000004",
                "f 1521 0.6634219999999995 0.08722700000000064 0.24935099999999988",
                "f 1515 0.35006099999999984 0.4591810000000003 0.1907579999999999",
                "f 1521 0.0511773063047799 0.2908118444040107 0.6580108492912095",
                "f 3196 0.019003000000000436 0.5531300000000002 0.42786699999999933",
                "f 3198 0.5930900000000001 0.205094 0.20181599999999988",
                "f 1521 0.40301599999999965 0.32785600000000065 0.26912799999999976",
                "f 954 0.2439529999999997 0.2962630000000003 0.459784",
                "f 3589 0.09058700000000025 0.8956900000000001 0.013722999999999657",
                "f 929 0.45859899999999965 0.49132900000000007 0.0500720000000002",
                "f 822 0.12405400000000033 0.21549699999999938 0.6604490000000003",
                "f 842 0.4024667057901169 0.549886286882405 0.047647007327478064",
                "f 955 0.6578870000000003 0.24311300000000005 0.09899999999999966",
                "f 955 0.2538155342457743 0.5666021183321959 0.17958234742202983",
                "f 3197 0.46605 0.41756199999999977 0.11638800000000023",
                "f 3195 0.6534079999999997 0.25921400000000056 0.08737799999999984",
                "f 3194 0.5172540000000009 0.28742099999999976 0.19532499999999942",
                "f 1079 0.008372000000000487 0.9732729999999995 0.018355000000000014",
                "f 1099 0.05407700000000043 0.6896199999999998 0.2563029999999998",
                "f 842 0.6196182942098829 0.03642871311759519 0.34395299267252183",
                "f 929 0.730569 0.1959479999999999 0.07348300000000002",
                "f 1079 0.0983440641077803 0.4287309902709969 0.4729249456212228",
                "f 1461 0.4138299999999999 0.5159620000000001 0.07020799999999991",
                "f 1070 0.09464899999999898 0.2345319999999999 0.670819000000001",
                "f 1512 0.760172 0.06760600000000029 0.17222199999999976",
                "f 928 0.011312000000000481 0.9281429999999996 0.06054499999999991",
                "f 3589 0.1063284192994548 0.29213611271202505 0.6015354679885202",
                "f 1465 0.39543700000000004 0.056405999999999824 0.5481570000000001",
                "f 1461 0.03133487629406878 0.6256219446303468 0.3430431790755844",
                "f 1465 0.07326199999999983 0.474034 0.4527040000000001",
                "f 2718 0.6523619999999999 0.011517000000000078 0.33612099999999995",
                "f 1060 0.37559700000000007 0.4685090000000001 0.15589399999999987",
                "f 2717 0.770726148953991 0.1258407292894118 0.10343312175659715",
                "f 2717 0.017020999999999953 0.12885799999999978 0.8541210000000002",
                "f 2699 0.43235400000000024 0.028606999999999758 0.539039",
                "f 2689 0.6835579999999992 0.2457130000000003 0.07072900000000044",
                "f 2718 0.14057700000000006 0.04663500000000002 0.812788",
                "f 3398 0.5381299999999993 0.09203800000000048 0.3698320000000001",
                "f 2705 0.19026383019616805 0.457179228044143 0.35255694175968894",
                "f 2728 0.00031600000000031603 0.06017599999999965 0.939508",
                "f 2704 0.20886100000000007 0.47452599999999984 0.31661300000000014",
                "f 572 0.10959144832074671 0.6629274095435533 0.22748114213569995",
                "f 2814 0.03128199999999964 0.6624460000000003 0.30627200000000004",
                "f 2813 0.28656529833364147 0.3441762519920656 0.36925844967429294",
                "f 841 0.17639300000000024 0.2767469999999998 0.5468599999999999",
                "f 841 0.42028300000000063 0.3433929999999996 0.23632399999999973",
                "f 843 0.15045200000000042 0.8308819999999992 0.018666000000000352",
                "f 843 0.25960274850692683 0.5225535239045073 0.2178437275885659",
                "f 889 0.09982900000000006 0.32034300000000004 0.5798279999999999",
                "f 891 0.4046649999999997 0.5761479999999999 0.019187000000000422",
                "f 2734 0.5969529999999998 0.03642299999999998 0.3666240000000001",
                "f 3729 0.14136399999999993 0.35230300000000014 0.5063329999999999",
                "f 891 0.0913240000000008 0.7228099999999994 0.1858659999999998",
                "f 843 0.5207307485069266 0.2694455239045078 0.20982372758856557",
                "f 841 0.5593100974755645 0.10505316640305713 0.33563673612137834",
                "f 890 0.1415700000000001 0.6810270000000002 0.17740299999999973",
                "f 955 0.5624164657542261 0.010849881667804092 0.42673365257796986",
                "f 843 0.2804519999999996 0.037441999999999864 0.6821060000000005",
                "f 840 0.006828999999999752 0.818158 0.1750130000000002",
                "f 954 0.7219717900920277 0.013105822365548867 0.2649223875424233",
                "f 1021 0.3216180000000008 0.47484699999999946 0.20353499999999974",
                "f 965 0.6575699999999998 0.24406600000000042 0.09836399999999973",
                "f 1021 0.21153431704904802 0.04450918808047444 0.7439564948704775",
                "f 890 0.39770899999999987 0.32997000000000026 0.2723209999999998",
                "f 840 0.566083 0.3757429999999999 0.05817400000000008",
                "f 821 0.022088999999999692 0.5953430000000001 0.38256800000000024",
                "f 1045 0.3192373583265742 0.4987257299415179 0.1820369117319078",
                "f 1040 0.36953899999999973 0.01521800000000012 0.6152430000000001",
                "f 817 0.3800870000000003 0.6125420000000009 0.007370999999998816",
                "f 794 0.21594299999999983 0.31814000000000003 0.4659170000000001",
                "f 818 0.3367055081341952 0.5063258451499721 0.15696864671583263",
                "f 823 0.3266049999999999 0.4325589999999999 0.24083600000000013",
                "f 821 0.4096350000000007 0.4980969999999996 0.09226799999999974",
                "f 817 0.0826530000000002 0.10859399999999958 0.8087530000000002",
                "f 1020 0.1380567139496368 0.33914421705530723 0.522799068995056",
                "f 820 0.1869400000000005 0.6310719999999996 0.18198799999999987",
                "f 805 0.07135499999999997 0.7944880000000002 0.13415699999999983",
                "f 957 0.07253799999999921 0.3493550000000008 0.578107",
                "f 3588 0.7648514588799469 0.17295451530124883 0.06219402581880431",
                "f 820 0.4268560000000003 0.2048319999999995 0.36831200000000025",
                "f 820 0.1775960000000002 0.24959499999999984 0.572809",
                "f 3588 0.4347770000000004 0.3731369999999997 0.19208599999999984",
                "f 3589 0.44896341929945516 0.325333112712025 0.22570346798851995",
                "f 3589 0.35164499999999965 0.08311599999999969 0.5652390000000006",
                "f 822 0.6166670000000005 0.2118639999999995 0.17146900000000004",
                "f 823 0.13814399999999927 0.10731900000000011 0.7545370000000006",
                "f 3588 0.05604700000000075 0.823876 0.1200769999999992",
                "f 805 0.10972499999999985 0.2164540000000001 0.673821",
                "f 3588 0.27174699999999985 0.10198799999999987 0.6262650000000003",
                "f 807 0.03493499999999966 0.8771460000000002 0.08791900000000014",
                "f 3590 0.14983860222011516 0.7182351008982063 0.13192629688167853",
                "f 3590 0.7094159999999998 0.17362400000000047 0.11695999999999969",
                "f 806 0.013988999999999863 0.6535850000000002 0.33242599999999994",
                "f 3588 0.20164699999999952 0.3127480000000002 0.48560500000000023",
                "f 3588 0.12189354112005363 0.5067464846987512 0.3713599741811952",
                "f 3591 0.5323899999999999 0.2035650000000001 0.264045",
                "f 3591 0.18828100000000025 0.08327200000000015 0.7284469999999996",
                "f 3590 0.6313339999999998 0.35809700000000033 0.010568999999999867",
                "f 3591 0.12915400000000032 0.6929049999999999 0.1779409999999998",
                "f 1011 0.07104800000000017 0.5893030000000011 0.3396489999999987",
                "f 979 0.35682499999999995 0.5578910000000002 0.08528399999999983",
                "f 969 0.1158220000000002 0.10552099999999988 0.7786569999999999",
                "f 1011 0.6960560000000002 0.0972220000000001 0.20672199999999966",
                "f 977 0.12640800000000008 0.5536949999999999 0.319897",
                "f 966 0.08135499999999973 0.1614449999999997 0.7572000000000005",
                "f 1024 0.5009659999999998 0.21062799999999995 0.28840600000000033",
                "f 969 0.04865799999999998 0.42702100000000015 0.5243209999999999",
                "f 3590 0.4060883977798849 0.5517188991017938 0.04219270311832124",
                "f 3591 0.19945689893638013 0.39014376732262773 0.4103993337409921",
                "f 2654 0.41863300000000014 0.4054659999999995 0.17590100000000042",
                "f 2634 0.3165890000000005 0.28875499999999926 0.3946560000000003",
                "f 2687 0.009750000000000147 0.4697909999999999 0.520459",
                "f 2680 0.30267087842395596 0.27015348284150786 0.4271756387345362",
                "f 2685 0.34282190648667654 0.5161708328553383 0.1410072606579852",
                "f 2536 0.2099770000000004 0.26983099999999965 0.5201919999999999",
                "f 2536 0.11154299999999938 0.7817650000000007 0.10669199999999991",
                "f 966 0.032375999999999655 0.7409830000000007 0.22664099999999962",
                "f 967 0.200144 0.17259799999999995 0.6272580000000001",
                "f 958 0.22369499999999987 0.6070930000000002 0.16921199999999992",
                "f 950 0.4651239999999998 0.5345680000000005 0.0003079999999996842",
                "f 959 0.341078 0.28320800000000046 0.37571399999999955",
                "f 951 0.05411008112521354 0.0494061365682358 0.8964837823065507",
                "f 937 0.6509419999999999 0.1638590000000001 0.18519900000000003",
                "f 937 0.16056699999999974 0.7636069999999999 0.07582600000000032",
                "f 939 0.23175699999999982 0.731006 0.03723700000000012",
                "f 969 0.5732207320735565 0.2164087692197828 0.21037049870666066",
                "f 2700 0.1992549999999998 0.34042000000000006 0.46032500000000015",
                "f 2546 0.026357000000000297 0.30919499999999994 0.6644479999999998",
                "f 2555 0.2918790000000003 0.5214569999999998 0.18666399999999989",
                "f 2554 0.634783479147564 0.13545477425810878 0.22976174659432722",
                "f 2488 0.29672062460113324 0.1923087918108549 0.5109705835880118",
                "f 2488 0.38982537539886625 0.46995520818914366 0.14021941641199015",
                "f 2504 0.757695011291881 0.09510033710113834 0.1472046516069807",
                "f 2506 0.704774 0.05941199999999961 0.23581400000000047",
                "f 2502 0.2724189999999999 0.6288230000000002 0.09875799999999985",
                "f 2558 0.3716387452474307 0.08685893166829552 0.5415023230842738",
                "f 2558 0.10678674524743034 0.7430429316682964 0.15017032308427328",
                "f 2553 0.5200030000000005 0.4659289999999992 0.014068000000000257",
                "f 2517 0.07589700000000005 0.4365930000000001 0.48750999999999983",
                "f 2688 0.05857132406241827 0.09500733841456901 0.8464213375230127",
                "f 2683 0.41393746772328743 0.20561545595841416 0.38044707631829844",
                "f 2506 0.4645699999999996 0.40361900000000056 0.13181099999999976",
                "f 2409 0.032839000000000895 0.6578429999999995 0.3093179999999996",
                "f 2532 0.16592500000000016 0.40981100000000015 0.4242639999999997",
                "f 2535 0.8235849999999989 0.08450400000000012 0.091911000000001",
                "f 2411 0.23840699999999934 0.568541000000001 0.1930519999999997",
                "f 2411 0.06604499999999931 0.8770030000000001 0.0569520000000006",
                "f 3727 0.252715 0.3873619999999994 0.35992300000000066",
                "f 3725 0.4511710000000001 0.3506180000000001 0.19821099999999978",
                "f 2410 0.18965400000000032 0.5039739999999996 0.3063720000000001",
                "f 2592 0.21549299999999993 0.5931099999999997 0.19139700000000037",
                "f 2486 0.08664600000000021 0.8625240000000003 0.0508299999999995",
                "f 2484 0.16057099999999946 0.027176999999999573 0.812252000000001",
                "f 2544 0.4152929999999997 0.33049299999999987 0.2542140000000004",
                "f 754 0.9507040000000004 0.0350209999999998 0.014274999999999824",
                "f 2506 0.2082160000000001 0.7670149999999997 0.02476900000000023",
                "f 2487 0.5136929999999984 0.2575590000000014 0.22874800000000012",
                "f 1041 0.0002190000000008019 0.7716469999999994 0.22813399999999978",
                "f 889 0.31276040360321555 0.6671997826453543 0.020039813751430133",
                "f 2487 0.23201700000000025 0.5858770000000001 0.18210599999999966",
                "f 2486 0.3777950000000004 0.2945959999999995 0.3276090000000001",
                "f 2630 0.5917883691600403 0.011329694343525865 0.39688193649643394",
                "f 2592 0.2242439999999995 0.39936299999999997 0.3763930000000006",
                "f 2592 0.6144380000000005 0.2351589999999995 0.1504030000000001",
                "f 2547 0.2948920282506511 0.14846523902893846 0.5566427327204104",
                "f 889 0.8687754036032153 0.037515782645354906 0.0937088137514298",
                "f 2503 0.09481699999999921 0.42345000000000027 0.48173300000000047",
                "f 2409 0.5600399999999999 0.43371399999999966 0.006246000000000438",
                "f 2510 0.35624808010853115 0.2922455304967171 0.35150638939475176",
                "f 2503 0.34551799999999944 0.030998999999999843 0.6234830000000007",
                "f 755 0.014764 0.344995 0.6402410000000001",
                "f 891 0.027614144787962314 0.46124233218765337 0.5111435230243844",
                "f 2535 0.25318499999999977 0.34806700000000007 0.3987480000000001",
                "f 2533 0.12331300000000012 0.28197299999999914 0.5947140000000007",
                "f 2535 0.5178239999999995 0.22321300000000086 0.2589629999999996",
                "f 2623 0.7310496193718308 0.03242874146830993 0.23652163915985927",
                "f 2535 0.007543261251281352 0.49935842210315945 0.49309831664555914",
                "f 2534 0.3167250000000006 0.4054239999999998 0.2778509999999996",
                "f 2621 0.2062219999999988 0.7059820000000008 0.08779600000000042",
                "f 2621 0.5774320000000004 0.24945200000000012 0.17311599999999946",
                "f 2621 0.05215399999999948 0.42651100000000064 0.5213349999999999",
                "f 2623 0.004237000000000268 0.08779699999999928 0.9079660000000005",
                "f 2406 0.22031799999999985 0.6557760000000005 0.12390599999999967",
                "f 2410 0.26426400000000005 0.08753800000000035 0.6481979999999996",
                "f 2406 0.07718000000000003 0.4833299999999995 0.4394900000000005",
                "f 2512 0.2647750000000006 0.4706859999999997 0.2645389999999997",
                "f 2407 0.006165503965989139 0.2464495915173426 0.7473849045166683",
                "f 954 0.4859179999999997 0.32892400000000055 0.18515799999999977",
                "f 3589 0.2033624192994549 0.5523391127120251 0.24429846798852003",
                "f 843 0.05867474850692611 0.3248915239045079 0.6164337275885661",
                "f 869 0.27002300000000007 0.2862479999999993 0.44372900000000065",
                "f 3589 0.08142499999999986 0.04012599999999962 0.8784490000000005",
                "f 2512 0.07320000000000038 0.35374400000000017 0.5730559999999995",
                "f 2411 0.30760999999999955 0.30804700000000057 0.3843429999999998",
                "f 2411 0.005279999999999618 0.21365900000000093 0.7810609999999995",
                "f 2411 0.6544670000000008 0.043869999999999 0.3016630000000003",
                "f 2523 0.18770699999999993 0.6208100000000002 0.19148299999999988",
                "f 2523 0.37910245495825856 0.5184127819306549 0.10248476311108656",
                "f 841 0.3317540974755647 0.0963381664030569 0.5719077361213784",
                "f 841 0.8808260000000001 0.08714099999999961 0.03203300000000037",
                "f 840 0.2418980000000004 0.3737169999999995 0.3843850000000001",
                "f 823 0.01831299999999969 0.7599639999999996 0.22172300000000067",
                "f 890 0.19649993240580677 0.0732761566490382 0.730223910945155",
                "f 793 0.16983036381218986 0.12000785245053958 0.7101617837372706",
                "f 818 0.04464800000000024 0.4482869999999998 0.5070649999999999",
                "f 823 0.6031339999999997 0.09840199999999996 0.2984640000000003",
                "f 3588 0.5099439999999997 0.17209299999999955 0.3179630000000007",
                "f 3588 0.3450699999999994 0.5940110000000004 0.06091900000000023",
                "f 3589 0.6827734192994555 0.1005571127120252 0.21666946798851938",
                "f 3588 0.017282541120053563 0.06790148469875099 0.9148159741811954",
                "f 3590 0.34247900000000003 0.3588489999999994 0.29867200000000055",
                "f 3591 0.31971000000000005 0.0953450000000001 0.5849449999999998",
                "f 3591 0.15529800000000044 0.540497 0.30420499999999956",
                "f 2680 0.8357019999999997 0.10335200000000064 0.060945999999999605",
                "f 2539 0.4157749999999997 0.00575000000000026 0.5784750000000001",
                "f 2536 0.4388187493743383 0.037130377889227434 0.5240508727364342",
                "f 2532 0.030632999999999577 0.2573129999999999 0.7120540000000005",
                "f 2534 0.6163018499768789 0.12102506517520535 0.2626730848479158",
                "f 2521 0.008255000000000123 0.6636180000000002 0.3281269999999997",
                "f 2532 0.541841 0.08578900000000049 0.37236999999999953",
                "f 2532 0.7191309999999999 0.21420200000000006 0.06666700000000016",
                "f 2513 0.34733711531326705 0.5776082396146764 0.07505464507205649",
                "f 2521 0.8735780000000001 0.12632099999999974 0.00010100000000019192",
                "f 2515 0.4336207054802929 0.29655329118499124 0.2698260033347158",
                "f 871 0.0018550000000010537 0.9681129999999999 0.030031999999999056",
                "f 2514 0.221076 0.3488069999999999 0.43011700000000014",
                "f 2515 0.289944294519707 0.5956117088150087 0.11444399666528432",
                "f 2504 0.4908459999999992 0.4482969999999999 0.06085700000000081",
                "f 2501 0.2733519999999991 0.726559 8.900000000092983e-05",
                "f 2409 0.3357591314506039 0.535501963850507 0.12873890469888918",
                "f 2533 0.2395451998093307 0.4887924589076143 0.27166234128305505",
                "f 2532 0.31437927628176465 0.5568959205387551 0.12872480317948023",
                "f 2410 0.49648191977450357 0.3346557240288201 0.16886235619667628",
                "f 2486 0.05763100000000049 0.5027499999999997 0.4396189999999998",
                "f 2486 0.7648217293436271 0.05543989913690948 0.17973837151946334",
                "f 2592 0.5682469841826157 0.12728647766972265 0.3044665381476617",
                "f 2402 0.596452 0.26449400000000056 0.1390539999999994",
                "f 2511 0.003365000000001117 0.5473860000000004 0.4492489999999985",
                "f 871 0.6990490000000007 0.2867019999999998 0.01424899999999953",
                "f 2533 0.16886680019067013 0.01462454109238565 0.8165086587169442",
                "f 2622 0.5622309999999998 0.33884799999999954 0.09892100000000059",
                "f 871 0.5099932810955352 0.3007789447127484 0.18922777419171635",
                "f 868 0.025773999999999853 0.7458310000000004 0.2283949999999998",
                "f 871 0.1791449999999985 0.543872 0.2769830000000015",
                "f 870 0.2820690000000001 0.5284290000000008 0.1895019999999991",
                "f 2406 0.6673500000000001 0.03290600000000012 0.2997439999999998",
                "f 869 0.3061790000000003 0.05565499999999964 0.638166",
                "f 871 0.2695482810955349 0.25850094471274826 0.4719507741917169",
                "f 730 0.13657899999999967 0.5474649999999999 0.31595600000000046",
                "f 2520 0.12619499999999972 0.16086900000000015 0.7129360000000001",
                "f 2520 0.38990999999999987 0.5184590000000001 0.09163100000000005",
                "f 2521 0.20984200000000003 0.7702080000000004 0.019949999999999534",
                "f 2514 0.6587650000000003 0.131174 0.2100609999999997",
                "f 871 0.5495150000000002 0.050403 0.4000819999999999",
                "f 870 0.5420814914716274 0.3663353572805871 0.09158315124778552",
                "f 865 0.5029589999999997 0.289042 0.20799900000000024",
                "f 866 0.20236860908709198 0.4785758214097164 0.3190555695031916",
                "f 2516 0.022035999999999833 0.008717000000000136 0.9692470000000001",
                "f 866 0.1828320000000001 0.0006919999999995367 0.8164760000000003",
                "f 856 0.044275000000000286 0.32153199999999993 0.6341929999999998",
                "f 2516 0.21909275169330028 0.32380679622108743 0.4571004520856123",
                "f 873 0.04301826541588055 0.8515423824034764 0.1054393521806431",
                "f 873 0.4012899999999999 0.19670800000000013 0.40200199999999997",
                "f 875 0.023866000000000387 0.013390999999999665 0.9627429999999999",
                "f 868 0.11931800000000004 0.002987999999998176 0.8776940000000018",
                "f 868 0.492539 0.26269699999999957 0.24476400000000048",
                "f 857 0.19395199999999985 0.4776790000000008 0.3283689999999993",
                "f 864 0.3711770000000002 0.30019500000000027 0.3286279999999996",
                "f 859 0.18941767532789144 0.2871292720817077 0.5234530525904009",
                "f 858 0.2464283371620354 0.7289281006009958 0.024643562236968803",
                "f 866 0.571713 0.21203600000000022 0.21625099999999978",
                "f 773 0.7239870000000003 0.1298509999999994 0.14616200000000037",
                "f 867 0.20526089304529985 0.6637818253335671 0.13095728162113304",
                "f 773 0.3692689999999998 0.3266910000000008 0.3040399999999995",
                "f 858 0.5114589999999998 0.11044299999999971 0.3780980000000005",
                "f 858 0.31222700000000025 0.06354299999999964 0.6242300000000001",
                "f 874 0.3206589999999998 0.44384200000000035 0.23549899999999993",
                "f 773 0.12792101925422308 0.8289607968057939 0.043118183939982985",
                "f 866 0.19086500000000006 0.21857400000000066 0.5905609999999992",
                "f 859 0.5685506753278912 0.2154542720817073 0.2159950525904015",
                "f 2516 0.2325949999999998 0.5269820000000001 0.24042300000000014",
                "f 2516 0.13422199999999862 0.2182790000000005 0.6474990000000008",
                "f 2516 0.5476389999999991 0.3850010000000003 0.06736000000000048",
                "f 2520 0.838358 0.10807500000000045 0.053566999999999476",
                "f 870 0.07725099999999985 0.25066399999999994 0.6720850000000002",
                "f 870 0.320906 0.10912499999999976 0.5699690000000002",
                "f 2516 0.4867572483067005 0.20636320377891224 0.30687954791438726",
                "f 873 0.5564939999999998 0.42404399999999953 0.0194620000000007",
                "f 873 0.18319200000000035 0.07037100000000018 0.7464369999999995",
                "f 2516 0.4320700000000004 0.029096999999999817 0.5388329999999998",
                "f 873 0.20498673458411998 0.5561116175965226 0.2389016478193574",
                "f 865 0.7162674370472382 0.1418830884326568 0.14184947452010516",
                "f 874 0.4744715441609223 0.5178278993934664 0.00770055644561128",
                "f 875 0.3398300000000009 0.3359709999999993 0.32419899999999974",
                "f 868 0.005556970104643955 0.3512239264810895 0.6432191034142666",
                "f 871 0.013425000000000242 0.2025509999999997 0.784024",
                "f 875 0.7785055603480652 0.21375487541039348 0.007739564241541306",
                "f 872 0.057620046528809477 0.44514687357250554 0.49723307989868504",
                "f 868 0.29002699999999987 0.5682230000000005 0.14174999999999965",
                "f 868 0.17595099999999964 0.48905700000000063 0.33499199999999973",
                "f 868 0.30723500000000026 0.13410999999999995 0.5586549999999998",
                "f 845 0.00018400000000026728 0.9382599999999993 0.061556000000000416",
                "f 857 0.415266737488018 0.4066322081386578 0.17810105437332424",
                "f 872 0.8713790000000001 0.048334000000000175 0.08028699999999972",
                "f 864 0.18615372421713924 0.6131839782074008 0.20066229757545997",
                "f 872 0.36213899999999943 0.3141550000000001 0.3237060000000005",
                "f 872 0.6165430000000007 0.18543899999999977 0.1980179999999995",
                "f 864 0.494741 0.06871499999999957 0.4365440000000005",
                "f 859 0.5528560000000003 0.2902779999999999 0.1568659999999997",
                "f 859 0.30939867532789134 0.08881427208170863 0.6017870525904",
                "f 859 0.41479900000000003 0.5217309999999998 0.06347000000000017",
                "f 857 0.23259699999999994 0.05690999999999953 0.7104930000000005",
                "f 857 0.01156726251198259 0.11356779186134372 0.8748649456266737",
                "f 859 0.056921 0.5295540000000001 0.4135249999999999",
                "f 867 0.2689980000000002 0.4742409999999995 0.25676100000000035",
                "f 866 0.33797200000000005 0.3785430000000004 0.28348499999999954",
                "f 866 0.32595499999999955 0.07037500000000016 0.6036700000000003",
                "f 867 0.4095281069547003 0.2103671746664325 0.38010471837886717",
                "f 867 0.20091700000000035 0.04635799999999938 0.7527250000000003",
                "f 858 0.05658600000000058 0.7154760000000002 0.2279379999999992",
                "f 775 0.9504220000000002 0.02080699999999985 0.028771000000000022",
                "f 858 0.8406190000000009 0.05756899999999948 0.10181199999999953",
                "f 772 0.11589199999999919 0.6819000000000002 0.20220800000000064",
                "f 772 0.06473062377672514 0.7919455040295971 0.1433238721936778",
                "f 775 0.7319869999999995 0.2635750000000002 0.004438000000000247",
                "f 773 0.19302601925422364 0.5370307968057937 0.2699431839399827",
                "f 773 0.5546350000000009 0.20439599999999955 0.24096899999999952",
                "f 858 0.6220069999999998 0.19000100000000014 0.1879920000000001",
                "f 858 0.3687690000000006 0.3937390000000001 0.23749199999999931",
                "f 858 0.2087840000000007 0.3701619999999994 0.4210539999999999",
                "f 773 0.6444990000000005 0.2942219999999996 0.06127900000000002",
                "f 773 0.49502099999999993 0.39086499999999996 0.11411400000000005",
                "f 773 0.226295980745777 0.668584203194206 0.10511981606001704",
                "f 858 0.1530546628379642 0.12781689939900467 0.7191284377630311",
                "f 858 0.11926499999999984 0.3137859999999998 0.5669490000000004",
                "f 773 0.36154099999999945 0.5178630000000005 0.12059600000000006",
                "f 858 0.3827290000000001 0.09576400000000011 0.5215069999999998",
                "f 2521 0.6611720000000001 0.00995799999999935 0.32887000000000055",
                "f 2520 0.25689199999999984 0.3294199999999997 0.41368800000000044",
                "f 2761 0.2072020000000001 0.35030399999999967 0.44249400000000016",
                "f 2854 0.18085651409589543 0.11122043867705607 0.7079230472270485",
                "f 2854 0.5272070000000002 0.250136 0.2226569999999998",
                "f 3292 0.8726420000000001 0.11044599999999961 0.01691200000000026",
                "f 2866 0.3624269999999995 0.17188000000000012 0.46569300000000036",
                "f 2823 0.07188699363647266 0.8057743314219195 0.12233867494160788",
                "f 2823 0.3790770000000002 0.3436639999999998 0.27725900000000003",
                "f 2792 0.03300986763346128 0.8130481496795918 0.1539419826869469",
                "f 2793 0.5753759999999993 0.0595230000000001 0.36510100000000056",
                "f 2822 0.419589 0.1138560000000002 0.46655499999999983",
                "f 3213 0.10677000000000014 0.31686699999999995 0.5763629999999998",
                "f 3292 0.5045376591525855 0.349975907952303 0.14548643289511143",
                "f 3304 0.2657729999999999 0.24026999999999984 0.4939570000000002",
                "f 2856 0.02413699999999963 0.20041700000000015 0.7754460000000002",
                "f 2853 0.3435512070275342 0.24068957628698626 0.4157592166854795",
                "f 2859 0.412208 0.47916100000000006 0.10863099999999995",
                "f 2859 0.3174070000000001 0.1596770000000002 0.5229159999999997",
                "f 2841 0.07868100000000056 0.38057 0.5407489999999994",
                "f 2855 0.21098100000000009 0.1101609999999999 0.678858",
