{
    "data": [
        {
            "name": "objShapefingers",
            "contactPoints": [
                "f 3866 0.058931000000001565 0.9298320000000007 0.011236999999997775",
                "f 3865 0.24084399999999906 0.23647499999999905 0.5226810000000018",
                "f 3570 0.30467400009436507 0.41264667782695746 0.2826793220786774",
                "f 3570 0.31569499999999895 0.6806170000000015 0.0036879999999995675",
                "f 3570 0.21858799999999887 0.5894490000000003 0.1919630000000008",
                "f 3505 0.0846260390850494 0.5229218721804608 0.3924520887344898",
                "f 3865 0.553427000052422 0.24612582848614922 0.20044717146142887",
                "f 3505 0.04289099999999901 0.6322079999999998 0.3249010000000012",
                "f 3865 0.38140499999999805 0.2524179999999999 0.36617700000000203",
                "f 3865 0.31807200005241987 0.504844828486152 0.17708317146142818",
                "f 3867 0.48563199999999973 0.3815500000000001 0.13281800000000024",
                "f 3867 0.24166799999999994 0.3136610000000002 0.44467099999999987",
                "f 3867 0.059843999999999675 0.3525690000000001 0.5875870000000002",
                "f 3867 0.37946864877431447 0.5449501265601326 0.07558122466555288",
                "f 3865 0.4964049999999998 0.07311099999999954 0.4304840000000007",
                "f 3866 0.5991849999999987 0.2770519999999996 0.12376300000000162",
                "f 2029 0.13263899644913213 0.026407618409634143 0.8409533851412337",
                "f 226 0.19604700405404302 0.3308476147518468 0.4731053811941101",
                "f 227 0.3396250520389707 0.37080115118995394 0.28957379677107536",
                "f 225 0.25002400000000036 0.29495800000000055 0.45501799999999915",
                "f 3866 0.25587099999999985 0.19920799999999925 0.5449210000000009",
                "f 3867 0.04725500000000027 0.5969389999999998 0.35580599999999996",
                "f 3867 0.11917599999999956 0.455884 0.4249400000000005",
                "f 3901 0.10368799999999911 0.715755999999999 0.18055600000000194",
                "f 3570 0.024686999999999626 0.5912370000000008 0.3840759999999996",
                "f 3521 0.22238199999999972 0.6695930000000001 0.10802500000000018",
                "f 3866 0.6211419999999995 0.027855999999999437 0.35100200000000104",
                "f 3866 0.5163789999999994 0.04099899999999909 0.4426220000000015",
                "f 3521 0.0017204797475726674 0.5922689018821613 0.40601061837026603",
                "f 3901 0.22479499999999975 0.20692699999999864 0.5682780000000016",
                "f 3901 0.426242 0.358653999999999 0.21510400000000104",
                "f 3902 0.14881199999999967 0.7121869999999999 0.13900100000000043",
                "f 3570 0.10931300009436323 0.753191677826959 0.13749532207867782",
                "f 3571 0.029462000000000377 0.822692 0.14784599999999964",
                "f 3901 0.04061800000000049 0.15937799999999877 0.8000040000000007",
                "f 3903 0.012088999999999364 0.8943029999999997 0.0936080000000009",
                "f 3569 0.0073779999999994406 0.30836499999999967 0.6842570000000009",
                "f 3571 0.2720069302196511 0.6207081099493756 0.10728495983097325",
                "f 3569 0.08971400000000035 0.5555259999999999 0.3547599999999998",
                "f 3569 0.12471499999999958 0.3093230000000002 0.5659620000000002",
                "f 3569 0.2515840001083961 0.6643810786355406 0.08403492125606325",
                "f 3569 0.3072859998916042 0.3656849213644592 0.3270290787439366",
                "f 3571 0.25555600000000045 0.653364 0.0910799999999996",
                "f 3571 0.16728800000000013 0.73498 0.0977319999999999",
                "f 3569 0.188983 0.07119099999999916 0.7398260000000009",
                "f 3569 0.3445029998916044 0.10313292136445824 0.5523640787439373",
                "f 3569 0.23398400000000052 0.26222200000000073 0.5037939999999987",
                "f 1872 0.5625490000000037 0.056996999999995863 0.38045400000000035",
                "f 1824 0.4729519999999995 0.23005600000000087 0.2969919999999996",
                "f 1824 0.19194700000000042 0.3082879999999976 0.4997650000000019",
                "f 1824 0.3332309571897465 0.23169195139418722 0.4350770914160663",
                "f 1824 0.17678700000000008 0.6624549999999998 0.16075800000000012",
                "f 1720 0.5977019999999998 0.3200030000000004 0.08229499999999965",
                "f 1872 0.720440844302328 0.2294830188691734 0.05007613682849851",
                "f 1824 0.5042869999999992 0.42768800000000223 0.06802499999999853",
                "f 1720 0.8390400000000002 0.03803299999999997 0.12292699999999984",
                "f 278 0.7443959999999996 0.05142799999999683 0.20417600000000358",
                "f 60 0.678335 0.23509999999999986 0.08656500000000009",
                "f 278 0.34769899999999976 0.09842399999999862 0.5538770000000016",
                "f 197 0.47840499999999986 0.4675749999999999 0.05402000000000032",
                "f 1824 0.9202069999999997 0.021371000000000792 0.05842199999999952",
                "f 1718 0.05333999999999961 0.06483700000000064 0.8818229999999997",
                "f 1940 0.09690500000000002 0.6496330000000008 0.2534619999999992",
                "f 1943 0.719775 0.16720699999999994 0.11301800000000006",
                "f 1941 0.47015900000000027 0.272110999999999 0.25773000000000074",
                "f 1720 0.0007640000000001534 0.6411240000000001 0.3581119999999997",
                "f 1723 0.06335100000000034 0.8491569999999995 0.08749200000000017",
                "f 3513 0.09676199999999952 0.47492999999999996 0.4283080000000005",
                "f 1868 0.39819499999999924 0.34054300000000026 0.2612620000000005",
                "f 1890 0.5050482171941029 0.41965384812005035 0.07529793468584679",
                "f 1718 0.37972900000000026 0.45903199999999994 0.16123899999999985",
                "f 1996 0.5440310000000008 0.01533799999999891 0.4406310000000003",
                "f 227 0.05628400000000089 0.008611000000000276 0.9351049999999989",
                "f 60 0.2709820000000004 0.13537099999999905 0.5936470000000006",
                "f 1720 0.4364498837083577 0.022619116491202622 0.5409309998004397",
                "f 2061 0.3627765275144055 0.4092083619272645 0.22801511055833",
                "f 278 0.1287959999999998 0.7979379999999997 0.07326600000000048",
                "f 60 0.48808000000000024 0.17317799999999972 0.33874200000000004",
                "f 1723 0.030320999999999487 0.18854700000000077 0.7811319999999997",
                "f 1723 0.34795299999999973 0.10839499999999996 0.5436520000000002",
                "f 60 0.06996400000000036 0.07383300000000004 0.8562029999999996",
                "f 62 0.7012250000000002 0.01645699999999941 0.2823180000000004",
                "f 1722 0.8281330000000002 0.006092999999999873 0.16577399999999992",
                "f 60 0.03245600000000032 0.4717299999999995 0.49581400000000014",
                "f 1889 0.44111900000000076 0.443346000000002 0.11553499999999722",
                "f 3504 0.649343 0.02276800000000007 0.3278889999999999",
                "f 3542 0.4727160000000011 0.16616899999999668 0.36111500000000224",
                "f 3555 0.23264400000000018 0.4182400000000001 0.34911599999999965",
                "f 1999 0.21717799999999965 0.22753700000000104 0.5552849999999994",
                "f 1998 0.3103771414509482 0.45890675021240734 0.23071610833664447",
                "f 1891 0.41305347384328084 0.5538868394049973 0.0330596867517219",
                "f 3504 0.13564800000000138 0.611332 0.25301999999999863",
                "f 3504 0.06792099999999951 0.5261509999999999 0.40592800000000057",
                "f 3507 0.42079699999999964 0.0025240000000002687 0.576679",
                "f 3864 0.37695900000000226 0.46379699999999857 0.15924399999999914",
                "f 1718 0.22064700000000032 0.6369519999999995 0.14240100000000017",
                "f 1718 0.040187999999999724 0.8265060000000006 0.13330599999999965",
                "f 1717 0.47437100000000004 0.02870599999999912 0.49692300000000084",
                "f 3504 0.5766472348203829 0.277116999827149 0.14623576535246804",
                "f 3848 0.8541378650252671 0.031145908107432653 0.11471622686730026",
                "f 3504 0.780000234820384 0.07488499982714923 0.14511476535246673",
                "f 3504 0.3868419999999997 0.1093829999999999 0.5037750000000004",
                "f 3507 0.14785599999999988 0.18963100000000002 0.6625130000000001",
                "f 3506 0.4277393621702006 0.17744599991973048 0.394814637910069",
                "f 3520 0.1499949202271318 0.27427999999559827 0.5757250797772699",
                "f 3520 0.501354920227131 0.4366689999955982 0.06197607977727079",
                "f 3506 0.603476 0.251545 0.144979",
                "f 1732 0.22302985033596312 0.6958738258040045 0.08109632386003239",
                "f 1732 0.5439591496640374 0.04282617419599628 0.4132146761399663",
                "f 2028 0.01681585799419072 0.6966379738254735 0.28654616818033574",
                "f 1940 0.4638509999999998 0.2026379999999988 0.33351100000000145",
                "f 3897 0.16689800000000066 0.07832499999999946 0.7547769999999999",
                "f 3522 0.554373 0.3375350000000001 0.10809199999999991",
                "f 3523 0.2392204941834276 0.16092740136202652 0.5998521044545458",
                "f 3522 0.29702799999999924 0.3657519999999999 0.3372200000000009",
                "f 1730 0.22901499999999947 0.31072400000000056 0.460261",
                "f 72 0.32633468980671954 0.1634589993427264 0.510206310850554",
                "f 1733 0.6065639999999994 0.2900980000000005 0.10333799999999999",
                "f 75 0.5734220000000001 0.08365599999999963 0.34292200000000034",
                "f 76 0.13441999999999962 0.6793430000000007 0.18623699999999968",
                "f 77 0.6222009999999997 0.15160499999999993 0.22619400000000037",
                "f 77 0.19529800000000086 0.29669000000000045 0.5080119999999987",
                "f 79 0.19805800000000107 0.23554099999999936 0.5664009999999996",
                "f 79 0.24479799999999985 0.5785979999999997 0.17660400000000043",
                "f 1735 0.40149299999999943 0.5671749999999994 0.03133200000000116",
                "f 1733 0.2239149999999998 0.4542129999999997 0.32187200000000044",
                "f 79 0.1931930000000002 0.7771349999999995 0.02967200000000034",
                "f 3903 0.48504804001511487 0.2557298902310725 0.2592220697538126",
                "f 3903 0.13282499999999942 0.340966 0.5262090000000006",
                "f 3902 0.5547179998916054 0.25925992131770265 0.1860220787906919",
                "f 3903 0.13913199999999948 0.25337 0.6074980000000005",
                "f 3523 0.7027665058165737 0.2354405986379721 0.06179289554545416",
                "f 3521 0.042893000000000625 0.011902999999999908 0.9452039999999995",
                "f 3901 0.872069 0.06892799999999992 0.05900300000000014",
                "f 1735 0.5863429999999995 0.05943899999999994 0.3542180000000006",
                "f 1732 0.2099319999999999 0.023619000000000646 0.7664489999999995",
                "f 1734 0.752938 0.18935900000000006 0.05770299999999997",
                "f 78 0.4581749999999993 0.19257300000000038 0.3492520000000004",
                "f 73 0.574827 0.2326100000000002 0.19256299999999976",
                "f 3521 0.4068634797475703 0.013042901882161244 0.5800936183702684",
                "f 3902 0.4929059998916059 0.08508592131770258 0.4220080787906916",
                "f 78 0.2110493558051617 0.05041587457597814 0.7385347696188601",
                "f 1832 0.6616249999999989 0.058367000000001085 0.28000800000000003",
                "f 1832 0.5760329999999987 0.3643660000000029 0.05960099999999848",
                "f 78 0.14137000000000022 0.6470620000000001 0.21156799999999965",
                "f 3557 0.34087200000000034 0.5343720000000001 0.12475599999999958",
                "f 3902 0.5682220000000002 0.04109499999999897 0.39068300000000084",
                "f 1835 0.8122719999999994 0.012005000000001046 0.17572299999999955",
                "f 1832 0.38739199999999957 0.4126520000000006 0.19995599999999986",
                "f 78 0.011833000000000048 0.9665490000000001 0.02161799999999985",
                "f 1873 0.12632108180150314 0.256357836206747 0.6173210819917498",
                "f 1875 0.3250570000000017 0.12923100000000126 0.5457119999999971",
                "f 1826 0.11365399999999937 0.13305500000000053 0.753291",
                "f 68 0.7756739999999998 0.19453100000000031 0.02979499999999995",
                "f 168 0.922766999999999 0.053899999999999976 0.023333000000001054",
                "f 1722 0.19202800000000064 0.04401199999999972 0.7639599999999996",
                "f 1828 0.2926140000000002 0.34801600000000044 0.35936999999999936",
                "f 2175 0.04532799999999737 0.3629910000000031 0.5916809999999995",
                "f 67 0.0602049999999997 0.7668060000000003 0.17298899999999998",
                "f 65 0.3908819999999993 0.08657700000000042 0.5225410000000003",
                "f 1873 0.7120049181984973 0.27935916379325243 0.008635918008250261",
                "f 3931 0.3596769999999999 0.38692300000000013 0.25339999999999996",
                "f 196 0.12869899999999967 0.6126989999999984 0.2586020000000019",
                "f 1968 0.4744588126999286 0.12586219072704657 0.39967899657302486",
                "f 3864 0.1999398660681373 0.11454859596653008 0.6855115379653326",
                "f 3520 0.26787507977286895 0.7062480000044018 0.025876920222729267",
                "f 3520 0.09704507977287007 0.8901470000044017 0.01280792022272821",
                "f 3523 0.7137394941834259 0.1275914013620284 0.1586691044545458",
                "f 3520 0.21079999999999907 0.5887600000000001 0.20044000000000087",
                "f 3520 0.012830000000000452 0.46141300000000013 0.5257569999999995",
                "f 1726 0.703491 0.10494000000000064 0.19156899999999935",
                "f 1726 0.16297499857949188 0.5674789010050133 0.2695461004154948",
                "f 3523 0.29065099999999966 0.2276770000000003 0.481672",
                "f 3523 0.5448329999999999 0.21140300000000029 0.24376399999999993",
                "f 3520 0.04376907977287037 0.7144700000044019 0.24176092022272777",
                "f 3523 0.1374150000000003 0.4312879999999996 0.43129700000000004",
                "f 3900 0.052372999999999725 0.781201999999999 0.16642500000000132",
                "f 3523 0.26931399999999944 0.5622980000000006 0.16838799999999993",
                "f 3523 0.3665765058165739 0.29205059863797195 0.3413728955454541",
                "f 3903 0.28793 0.09210899999999998 0.619961",
                "f 3900 0.5210950000000001 0.1304209999999995 0.34848400000000046",
                "f 3850 0.5675679999999985 0.18238900000000086 0.25004300000000074",
                "f 3865 0.7098569999475772 0.26647117151385136 0.023671828538571374",
                "f 3851 0.20535600000000043 0.4976249999999998 0.2970189999999998",
                "f 3522 0.2157639999999994 0.6248130000000001 0.15942300000000054",
                "f 3900 0.2564890000000007 0.3567189999999993 0.38679199999999997",
                "f 3559 0.3658079999999998 0.3500920000000002 0.2841",
                "f 3848 0.15747513497473198 0.43669009189257224 0.4058347731326958",
                "f 3867 0.3335649999999992 0.2179590000000001 0.44847600000000065",
                "f 3940 0.06108599999999989 0.7216149999999999 0.21729900000000021",
                "f 3558 0.10516565269921174 0.40277499998681016 0.49205934731397805",
                "f 3559 0.1373060000000007 0.3734109999999993 0.489283",
                "f 3559 0.8394970000000006 0.043976999999999246 0.11652600000000012",
                "f 3900 0.3361209999999998 0.0566479999999994 0.6072310000000009",
                "f 3556 0.04221779328611863 0.5729880000524474 0.38479420666143394",
                "f 3505 0.24430103908505071 0.6774818721804606 0.07821708873448865",
                "f 3940 0.2670497943072249 0.6383169091343031 0.09463329655847201",
                "f 3866 0.6610910000339638 0.17886282871332065 0.1600461712527155",
                "f 3558 0.06017699999999959 0.775911 0.1639120000000004",
                "f 3559 0.17497199999999968 0.6559320000000004 0.1690959999999999",
                "f 3559 0.36830900000000066 0.5317369999999993 0.099954",
                "f 3559 0.013681999999999556 0.9305730000000005 0.055744999999999906",
                "f 3557 0.6790429999999995 0.29815400000000003 0.022803000000000493",
                "f 3557 0.46873400000000026 0.35814199999999996 0.17312399999999978",
                "f 3557 0.7681819999999999 0.11923300000000005 0.11258500000000009",
                "f 3557 0.587232 0.011741000000000027 0.4010270000000001",
                "f 3557 0.34474500000000063 0.07158199999999995 0.5836729999999994",
                "f 3943 0.6531621902587821 0.07141381931691627 0.27542399042430166",
                "f 3943 0.8030420000000006 0.06883299999999996 0.12812499999999946",
                "f 3943 0.5893149999999998 0.20687900000000006 0.20380600000000018",
                "f 3557 0.14391800000000038 0.46896099999999996 0.38712099999999966",
                "f 3941 0.685668000006356 0.08002355543847882 0.23430844455516514",
                "f 3943 0.6143339999999998 0.3745980000000001 0.011068000000000055",
                "f 3941 0.9329650000000003 0.013967000000000222 0.0530679999999996",
                "f 3557 0.0917920000000001 0.06856700000000002 0.8396409999999999",
                "f 3557 0.23555299999999968 0.18799099999999996 0.5764560000000003",
                "f 3557 0.249488 0.40036000000000016 0.35015199999999985",
                "f 3941 0.8004679999999998 0.07035399999999949 0.12917800000000065",
                "f 3557 0.31103258507246506 0.30161785010056535 0.38734956482696964",
                "f 3557 0.03799700000000006 0.38027600000000017 0.5817269999999998",
                "f 3557 0.09330200000000011 0.282094 0.6246039999999998",
                "f 1941 0.16765799999999964 0.6698060000000006 0.1625359999999998",
                "f 3941 0.688189 0.22099200000000052 0.09081899999999944",
                "f 1912 0.7595299999999998 0.23959199999999992 0.0008780000000002715",
                "f 1723 0.8972128130435928 0.09280807813807343 0.009979108818333741",
                "f 1721 0.27231591138611255 0.4295990128037308 0.29808507581015664",
                "f 1717 0.12368000000000062 0.45458199999999915 0.4217380000000002",
                "f 3570 0.2554090000000001 0.7038099999999998 0.04078100000000007",
                "f 59 0.26430199999999976 0.7144260000000004 0.02127199999999978",
                "f 3570 0.32755799999999813 0.08320100000000123 0.5892410000000007",
                "f 3571 0.0509659999999994 0.6500060000000002 0.2990280000000004",
                "f 3521 0.016867999999999335 0.9762319999999999 0.006900000000000786",
                "f 3570 0.1597200000943632 0.5021296778269603 0.3381503220786765",
                "f 3867 0.28765300000000044 0.6935649999999998 0.018781999999999775",
                "f 3865 0.18778899999999743 0.47981400000000046 0.33239700000000216",
                "f 59 0.3424090790347868 0.4250109762951795 0.23257994467003376",
                "f 59 0.12722900000000092 0.5158639999999988 0.3569070000000003",
                "f 59 0.5307079999999998 0.37051900000000026 0.09877299999999986",
                "f 59 0.42888999999999944 0.1958690000000008 0.3752409999999998",
                "f 3865 0.4321379999999979 0.4095889999999986 0.15827300000000344",
                "f 3867 0.29774900000000054 0.42101900000000003 0.2812319999999994",
                "f 3866 0.47287399999999924 0.33045299999999955 0.19667300000000118",
                "f 3901 0.17247800009436376 0.4496866778892471 0.37783532201638914",
                "f 3521 0.3261640000000012 0.440402 0.23343399999999886",
                "f 3901 0.25295299999999943 0.004926999999999096 0.7421200000000014",
                "f 3569 0.003767999999999605 0.5805600000000005 0.4156719999999999",
                "f 3569 0.07098300000000013 0.027464999999998498 0.9015520000000014",
                "f 3569 0.18437800010839545 0.5175860786355414 0.29803592125606315",
                "f 3569 0.27795599999999954 0.0751330000000003 0.6469110000000001",
                "f 1872 0.4214220000000007 0.27793099999999893 0.3006470000000004",
                "f 3848 0.6560718650252682 0.19849790810743306 0.14543022686729873",
                "f 1824 0.2962860428102542 0.6427160486058108 0.060997908583934994",
                "f 1824 0.04392695718974485 0.7121339513941898 0.24393909141606537",
                "f 1718 0.11111799999999994 0.2623910000000005 0.6264909999999996",
                "f 1720 0.4344200000000007 0.2945229999999997 0.27105699999999966",
                "f 1824 0.7177110000000017 0.2500979999999958 0.03219100000000251",
                "f 3676 0.9106870000000007 0.08267699999999938 0.006635999999999958",
                "f 1722 0.14781499999999967 0.6972090000000002 0.15497600000000014",
                "f 1721 0.20397891138611135 0.1960630128037317 0.5999580758101569",
                "f 58 0.6874220000000018 0.23754199999999978 0.07503599999999845",
                "f 1714 0.2842819999999997 0.2540080000000003 0.46171000000000006",
                "f 60 0.23877499999999982 0.5438750000000001 0.21735000000000007",
                "f 63 0.268567 0.26683300000000015 0.4645999999999999",
                "f 3504 0.23230500000000098 0.07002900000000008 0.6976659999999989",
                "f 3898 0.3231294148722132 0.6645894351498076 0.012281149977979178",
                "f 3864 0.2796930000000026 0.6868929999999995 0.03341399999999791",
                "f 3864 0.45814800000000083 0.2601379999999997 0.2817139999999994",
                "f 1717 0.29141700000000104 0.2611299999999982 0.44745300000000077",
                "f 3504 0.48040099999999986 0.18177 0.33782900000000016",
                "f 3520 0.30983899999999964 0.3465700000000001 0.3435910000000003",
                "f 3897 0.16905600000000043 0.12169399999999976 0.7092499999999998",
                "f 3523 0.032136999999999305 0.4155820000000007 0.552281",
                "f 59 0.2234910790347857 0.05038897629518039 0.7261199446700339",
                "f 59 0.4281050000000002 0.01195299999999897 0.5599420000000008",
                "f 56 0.04641769072979279 0.6174058823267485 0.3361764269434587",
                "f 55 0.44794095977456494 0.5444813592258263 0.007577680999608771",
                "f 1714 0.15392200000000056 0.04308900000000024 0.8029889999999992",
                "f 53 0.302296518639566 0.4464877440264735 0.25121573733396046",
                "f 1820 0.07259999999999966 0.42535899999999816 0.5020410000000022",
                "f 55 0.12234199999999967 0.8361580000000003 0.041500000000000044",
                "f 3903 0.5287719599848862 0.15432910976892733 0.3168989302461864",
                "f 3902 0.654801 0.1901929999999999 0.1550060000000002",
                "f 3523 0.48082499999999956 0.42443400000000037 0.094741",
                "f 1870 0.2957310000000003 0.5764250000000003 0.12784399999999943",
                "f 3557 0.39688899999999994 0.4687509999999999 0.13436000000000017",
                "f 1823 0.16739188110686798 0.07819717622324043 0.7544109426698916",
                "f 57 0.00936999999999899 0.24441400000000055 0.7462160000000004",
                "f 1822 0.0557920000000007 0.7592309999999992 0.18497700000000009",
                "f 3520 0.11918199999999984 0.8012290000000001 0.07958900000000008",
                "f 3523 0.527864000000001 0.08208199999999882 0.3900540000000001",
                "f 3523 0.08618000000000059 0.6490929999999993 0.26472700000000016",
                "f 3900 0.0004908817737533377 0.09606096819807013 0.9034481500281766",
                "f 3522 0.00395600000000057 0.5139810000000001 0.4820629999999993",
                "f 3558 0.515254 0.05146199999999996 0.433284",
                "f 3559 0.08668400000000048 0.5694839999999995 0.34383199999999997",
                "f 3559 0.5870990000000003 0.2010689999999997 0.21183200000000002",
                "f 3940 0.08512099999999992 0.8532929999999999 0.061586000000000224",
                "f 3559 0.19296299999999958 0.7789030000000005 0.028133999999999954",
                "f 3557 0.5218679999999997 0.20582800000000012 0.2723040000000002",
                "f 3943 0.7301579999999996 0.19067000000000012 0.07917200000000019",
                "f 3941 0.5494300000000002 0.33346799999999954 0.11710200000000028",
                "f 3941 0.8294540000000001 0.15416600000000014 0.01637999999999976",
                "f 3557 0.16621758507246454 0.3484658501005656 0.48531656482696994",
                "f 1721 0.22062900000000085 0.734124999999999 0.04524600000000012",
                "f 57 0.36527499999999913 0.07321299999999993 0.5615120000000009",
                "f 59 0.08004892096521506 0.8015560237048187 0.11839505532996623",
                "f 59 0.1921680790347854 0.2744959762951807 0.533335944670034",
                "f 59 0.6372430790347848 0.1329529762951818 0.22980394467003343",
                "f 58 0.16753499999999832 0.63544 0.19702500000000167",
                "f 58 0.4525174335438902 0.40119379157920226 0.14628877487690747",
                "f 58 0.2839450000000008 0.12546000000000057 0.5905949999999986",
                "f 1821 0.3072540000000008 0.5263699999999989 0.16637600000000033",
                "f 1822 0.31854009090139457 0.6377059522614651 0.04375395683714036",
                "f 1823 0.24337000000000147 0.27354200000000095 0.4830879999999976",
                "f 1870 0.2045148625720408 0.5643649820432316 0.2311201553847276",
                "f 1870 0.06968799999999625 0.5617590000000053 0.3685529999999984",
                "f 1823 0.0881020000000004 0.46608000000000005 0.44581799999999955",
                "f 1714 0.03817589711181446 0.5172485271664627 0.4445755757217228",
                "f 53 0.5300890000000013 0.4672760000000006 0.0026349999999981306",
                "f 1888 0.3382050000000002 0.13021100000000457 0.5315839999999953",
                "f 1888 0.3643161348517667 0.22583177348361516 0.4098520916646181",
                "f 1888 0.2897029999999989 0.5696600000000004 0.14063700000000073",
                "f 1888 0.43824299999999605 0.05295800000000427 0.5087989999999997",
                "f 1888 0.5028438651482361 0.013687226516384531 0.4834689083353794",
                "f 1888 0.3912371348517658 0.434601773483614 0.17416109166462013",
                "f 1821 0.6210819999999997 0.3724750000000013 0.006442999999999104",
                "f 1870 0.3968390000000018 0.33982499999999777 0.2633360000000004",
                "f 3676 0.0910247651405508 0.14342823478133399 0.7655470000781152",
                "f 1870 0.012895862572041006 0.37042198204323235 0.6166821553847266",
                "f 1822 0.5530179999999977 0.06605200000000355 0.38092999999999877",
                "f 1821 0.020073000000000008 0.6078449999999993 0.3720820000000007",
                "f 1870 0.15011799999999959 0.5572460000000001 0.2926360000000003",
                "f 1888 0.32916899999999893 0.5819200000000032 0.08891099999999785",
                "f 1888 0.46151699999999635 0.34704000000000423 0.19144299999999942",
                "f 3677 0.4807749999999982 0.3607120000000017 0.15851300000000015",
                "f 3884 0.45417899999999983 0.4453580000000002 0.10046300000000001",
                "f 3676 0.35693523485944895 0.40679476521866653 0.23626999992188452",
                "f 3884 0.001999920231011851 0.8886940797645865 0.10930600000440167",
                "f 3887 0.4850958955022629 0.16703859872163604 0.34786550577610104",
                "f 3676 0.6258740000000005 0.09407099999999963 0.2800549999999999",
                "f 1888 0.6107319999999967 0.23509300000000233 0.1541750000000009",
                "f 3676 0.38842200000000005 0.22355300000000017 0.38802499999999984",
                "f 3677 0.6029259999999997 0.08395900000000006 0.31311500000000014",
                "f 3676 0.20117500000000121 0.2688529999999989 0.5299719999999999",
                "f 3676 0.012004234859448348 0.3466757652186673 0.6413199999218844",
                "f 3540 0.4384860000000017 0.11895000000000061 0.44256399999999774",
                "f 3677 0.16232936227557532 0.3885286376441563 0.44914200008026833",
                "f 3884 0.030890999999998947 0.5303380000000009 0.4387710000000002",
                "f 3884 0.3410730000000006 0.28962199999999944 0.369305",
                "f 3884 0.4781380000000012 0.29121099999999883 0.23065100000000002",
                "f 3885 0.5956809999999996 0.061735000000000276 0.3425840000000001",
                "f 3540 0.8715300000000002 0.09609999999999928 0.03237000000000049",
                "f 3885 0.5163490000000003 0.2722049999999997 0.21144600000000002",
                "f 3887 0.7239049999999998 0.1476280000000005 0.12846699999999964",
                "f 3887 0.8080910000000003 0.1476479999999994 0.04426100000000031",
                "f 3676 0.05848499999999976 0.7501000000000002 0.19141500000000003",
                "f 3885 0.8064570000000004 0.0878629999999996 0.10568000000000002",
                "f 3884 0.20797707976898944 0.6869159202354123 0.1051069999955983",
                "f 3884 0.19024992023101128 0.2471660797645871 0.5625840000044016",
                "f 1888 0.7314269999999995 0.19776099999999427 0.07081200000000622",
                "f 3676 0.5286319999999998 0.20996200000000026 0.261406",
                "f 1888 0.704845865148235 0.049476226516388576 0.24567790833537637",
                "f 1870 0.3131529999999969 0.07421400000000529 0.6126329999999978",
                "f 1870 0.4196819999999962 0.002717000000004611 0.5776009999999991",
                "f 1888 0.5388768651482351 0.30509222651638684 0.156030908335378",
                "f 3676 0.6524097651405507 0.011961234781333934 0.3356290000781154",
                "f 3676 0.46294299999999977 0.05661800000000034 0.48043899999999984",
                "f 3676 0.35652 0.3446000000000002 0.29887999999999976",
                "f 3676 0.5242120000000003 0.15287099999999976 0.3229169999999999",
                "f 3676 0.5382069999999997 0.05419100000000034 0.4076020000000001",
                "f 3677 0.49572963772442336 0.2807113623558449 0.2235589999197318",
                "f 3676 0.07008400000000004 0.6767079999999999 0.2532080000000001",
                "f 3676 0.13283200000000006 0.522373 0.34479499999999996",
                "f 3676 0.30393799999999993 0.07338600000000035 0.6226759999999997",
                "f 3676 0.38807976514055265 0.05105923478133187 0.5608610000781155",
                "f 3676 0.2815730000000007 0.2633629999999993 0.45506399999999997",
                "f 3679 0.5929230000000005 0.02084199999999868 0.38623500000000077",
                "f 3676 0.16362300000000052 0.12301299999999965 0.7133639999999999",
                "f 3676 0.22074499999999997 0.09991000000000007 0.679345",
                "f 3676 0.10682199999999986 0.3070200000000002 0.586158",
                "f 3677 0.2905059999999987 0.05006400000000109 0.6594300000000002",
                "f 3540 0.38361499999999876 0.25202500000000005 0.3643600000000012",
                "f 3679 0.37648613433525513 0.557349722241122 0.06616414342362288",
                "f 3677 0.3280170000000006 0.29214799999999935 0.379835",
                "f 3679 0.5088141343352548 0.19943172224112068 0.29175414342362443",
                "f 3679 0.4419219999999992 0.37207900000000116 0.18599899999999964",
                "f 3677 0.029110999999999554 0.4745740000000004 0.49631500000000006",
                "f 3884 0.2517230000000005 0.1906419999999995 0.557635",
                "f 3887 0.5117250000000004 0.08198399999999938 0.40629100000000024",
                "f 3884 0.3931760000000005 0.09223299999999944 0.514591",
                "f 3540 0.5273831338905058 0.44184846232501224 0.030768403784481833",
                "f 3540 0.5858601338905056 0.3216414623250134 0.09249840378448093",
                "f 3884 0.18105200000000005 0.4231749999999998 0.3957730000000001",
                "f 3540 0.8150869999999996 0.07193599999999965 0.11297700000000081",
                "f 3884 0.46107 0.390578 0.148352",
                "f 3884 0.1737130000000002 0.6706509999999998 0.15563600000000002",
                "f 3677 0.01550500000000088 0.724923999999999 0.2595710000000001",
                "f 3540 0.6593458661094942 0.21053253767498623 0.1301215962155195",
                "f 3884 0.37582999999999983 0.3207660000000001 0.30340400000000006",
                "f 3887 0.5752730000000004 0.36373300000000003 0.06099399999999959",
                "f 3887 0.619178 0.2491489999999997 0.13167300000000026",
                "f 3885 0.4655069999999997 0.05070400000000026 0.48378899999999997",
                "f 3885 0.5303859999999998 0.004189000000000222 0.465425",
                "f 3885 0.4816920000000008 0.16422699999999923 0.354081",
                "f 3885 0.5834650000000001 0.27483599999999997 0.1416989999999999",
                "f 3885 0.5344352521351576 0.18716374789716453 0.27840099996767786",
                "f 3887 0.6675611044977381 0.12503840127836385 0.20740049422389803",
                "f 3884 0.0776380000000001 0.620566 0.30179599999999995",
                "f 3884 0.09148992023101024 0.668824079764588 0.23968600000440174",
                "f 3885 0.6893950000000002 0.0030399999999999316 0.3075649999999999",
                "f 3885 0.6639719999999998 0.08664200000000005 0.24938600000000005",
                "f 3885 0.7301847478648423 0.12261325210283544 0.14720200003232217",
                "f 3887 0.8494599999999994 0.06924100000000107 0.0812989999999995",
                "f 3884 0.07643299999999997 0.72985 0.19371700000000003",
                "f 3885 0.6868139999999997 0.11400700000000032 0.199179",
                "f 3887 0.7731938955022629 0.133363598721635 0.09344250577610203",
                "f 1822 0.17179009090139646 0.7118709522614622 0.11633895683714131",
                "f 1822 0.4747790909013945 0.020605952261465617 0.5046149568371399",
                "f 226 0.033327000000000495 0.6274889999999994 0.3391840000000001",
                "f 227 0.09758394796102929 0.7334548488100462 0.16896120322892452",
                "f 226 0.45432500405404325 0.5253036147518468 0.020371381194109923",
                "f 225 0.10142199999999968 0.09452499999999915 0.8040530000000011",
                "f 225 0.3874125934871375 0.04179598434810987 0.5707914221647526",
                "f 278 0.5764659999999996 0.17981700000000178 0.2437169999999986",
                "f 279 0.12412635585752901 0.4729808739917133 0.4028927701507577",
                "f 1970 0.10946799999999884 0.5262710000000013 0.3642609999999999",
                "f 1970 0.2598860000000006 0.1730059999999996 0.5671079999999998",
                "f 279 0.3336140000000012 0.04541799999999998 0.6209679999999989",
                "f 2030 0.26844800000000035 0.7242210000000001 0.007330999999999509",
                "f 2030 0.02806799999999976 0.6627759999999993 0.309156000000001",
                "f 225 0.11734999999999962 0.5448319999999993 0.33781800000000106",
                "f 198 0.12320199999999992 0.7542180000000012 0.12257999999999891",
                "f 224 0.0014080000000000759 0.4809839999999998 0.5176080000000001",
                "f 1997 0.7636430000000016 0.1702119999999982 0.06614500000000006",
                "f 198 0.042706999999999884 0.9351299999999996 0.022163000000000547",
                "f 224 0.7055319999999999 0.2410419999999992 0.0534260000000009",
                "f 226 0.619011 0.22436799999999948 0.15662100000000054",
                "f 227 0.17527699999999802 0.18447800000000042 0.6402450000000016",
                "f 224 0.36914718049068296 0.015620811995672482 0.6152320075136446",
                "f 224 0.21482818049068264 0.20814681199567228 0.577025007513645",
                "f 1731 0.12100599999999978 0.877309 0.0016850000000002096",
                "f 278 0.20970217681860737 0.42002924526890806 0.3702685779124846",
                "f 277 0.26795900000000095 0.4185669999999994 0.3134739999999996",
                "f 2060 0.0027610000000009988 0.9205029999999986 0.07673600000000037",
                "f 2061 0.03442147248559313 0.5006696380727365 0.4649088894416704",
                "f 225 0.3369530000000009 0.6412659999999997 0.021780999999999422",
                "f 227 0.6891010000000006 0.14212599999999967 0.16877299999999978",
                "f 1997 0.44355815824669853 0.34480272767560527 0.21163911407769617",
                "f 1996 0.2212779999999993 0.11701900000000033 0.6617030000000004",
                "f 288 0.4320019999999992 0.13623099999999777 0.431767000000003",
                "f 288 0.7505571771124909 0.07053325690851683 0.17890956597899224",
                "f 225 0.6278989999999998 0.10553099999999926 0.2665700000000009",
                "f 225 0.48096600000000056 0.37980500000000084 0.1392289999999986",
                "f 288 0.2549250000000009 0.47126600000000124 0.2738089999999978",
                "f 288 0.07210582288750944 0.7759767430914843 0.15191743402100621",
                "f 1998 0.012810999999999906 0.5793999999999999 0.4077890000000002",
                "f 1998 0.6138378585490548 0.32598424978758933 0.060177891663355826",
                "f 2029 0.45806599644913243 0.17238461840963204 0.36954938514123553",
                "f 2029 0.2925429999999999 0.5368299999999994 0.17062700000000072",
                "f 1732 0.8757131496640377 0.09018817419599592 0.03409867613996646",
                "f 1732 0.386413 0.3771499999999997 0.23643700000000037",
                "f 2031 0.4464349999999999 0.39011999999999986 0.16344500000000026",
                "f 2031 0.2965270000000003 0.2545139999999999 0.4489589999999998",
                "f 2031 0.9220109999999996 0.056225999999999415 0.021763000000000938",
                "f 226 0.3712259999999996 0.009728999999999986 0.6190450000000004",
                "f 1730 0.06314500000000009 0.715457 0.2213979999999999",
                "f 1730 0.24249199999999957 0.6690480000000008 0.08845999999999968",
                "f 1730 0.3873143240834933 0.2780858261285361 0.3345998497879705",
                "f 69 0.050859998887545166 0.7646786899084617 0.18446131120399317",
                "f 69 0.2915040000000005 0.43110899999999996 0.27738699999999955",
                "f 72 0.2181909999999999 0.1310460000000002 0.6507629999999999",
                "f 72 0.4464569999999999 0.2851800000000003 0.2683629999999998",
                "f 69 0.20490099888754285 0.5664586899084615 0.22864031120399567",
                "f 1733 0.8409369711687962 0.0279607424982887 0.13110228633291512",
                "f 2028 0.22915314200581074 0.7095560261745261 0.061290831819663195",
                "f 75 0.4117339999999994 0.02663100000000126 0.5616349999999993",
                "f 72 0.10793800000000048 0.41627099999999984 0.4757909999999997",
                "f 75 0.5047910000000002 0.3004070000000002 0.19480199999999956",
                "f 79 0.8054620000000018 0.1259509999999986 0.06858699999999962",
                "f 77 0.40320599999999984 0.2858989999999999 0.31089500000000025",
