{
    "data": [
        {
            "name": "objShapefingers",
            "contactPoints": [
                "f 4140 0.3100760000000019 0.36162099999999786 0.32830300000000023",
                "f 4143 0.2485480000000052 0.5050290000000001 0.24642299999999473",
                "f 4210 0.3203219999999986 0.6443320000000023 0.03534599999999904",
                "f 4573 0.07962332424646801 0.8378427172132389 0.0825339585402931",
                "f 3168 0.6412016618795499 0.33160246263526555 0.027195875485184547",
                "f 3182 0.8013505021589734 0.11985125031602742 0.07879824752499917",
                "f 1604 0.22127026685569384 0.09765897048777981 0.6810707626565263",
                "f 3934 0.0976549999999966 0.49283800000000044 0.40950700000000295",
                "f 1580 0.7252929999999994 0.08050599999999355 0.19420100000000703",
                "f 3608 0.1669160000000054 0.2619389999999942 0.5711450000000005",
                "f 3933 0.19707300000001038 0.10283399999998996 0.7000929999999996",
                "f 1583 0.20170099999999408 0.4327130000000012 0.3655860000000047",
                "f 4610 0.19011200000000594 0.15289599999999925 0.6569919999999948",
                "f 4608 0.013788999999997331 0.8061220000000002 0.18008900000000244",
                "f 1580 0.08473800000000126 0.7804529999999991 0.13480899999999968",
                "f 3476 0.25653799999999927 0.19646000000000077 0.547002",
                "f 3321 0.16109399999999902 0.5252170000000009 0.31368900000000005",
                "f 4151 0.2955569999999984 0.07313100000000002 0.6313120000000015",
                "f 3466 0.6475788654984502 0.03716543396171616 0.31525570053983365",
                "f 4546 0.2808410000000001 0.6648720000000041 0.05428699999999573",
                "f 3465 0.5514399999999993 0.05337699999999941 0.3951830000000012",
                "f 1752 0.24525700000000222 0.27824 0.47650299999999773",
                "f 1752 0.14716200000000584 0.5000180000000001 0.3528199999999941",
                "f 3340 0.6339519999999998 0.02320299999999766 0.34284500000000245",
                "f 3684 0.43383600000000383 0.44350700000000004 0.12265699999999607",
                "f 4050 0.021271000000000678 0.8880849999999999 0.09064399999999942",
                "f 4370 0.24899700000000147 0.5844059999999985 0.166597",
                "f 4140 0.01680299999999771 0.7606050000000022 0.2225920000000001",
                "f 4144 0.08608199999999921 0.6896300000000001 0.2242880000000007",
                "f 4145 0.24206500000000175 0.08276300000000013 0.6751719999999981",
                "f 3340 0.1816442960999246 0.008208055879304935 0.8101476480207704",
                "f 4141 0.3481789999999998 0.37799400000000016 0.27382700000000004",
                "f 4151 0.11626338388111435 0.5950258577608057 0.2887107583580799",
                "f 4308 0.4492319999999994 0.2416400000000005 0.30912800000000007",
                "f 4308 0.2665360000000036 0.5138909999999963 0.21957300000000007",
                "f 3899 0.40501637502492505 0.24079929521722052 0.3541843297578544",
                "f 3897 0.15728362453939815 0.5655637159305248 0.27715265953007706",
                "f 3183 0.48659799999999864 0.11918600000000001 0.39421600000000134",
                "f 3250 0.2524615795288954 0.2927939620640832 0.45474445840702143",
                "f 3889 0.5162520000000004 0.2521869999999956 0.23156100000000396",
                "f 1682 0.07241400000000661 0.9015660000000004 0.026019999999992972",
                "f 4309 0.7666189999999994 0.14639099999999997 0.08699000000000064",
                "f 4376 0.6549255419474498 0.07061086736603953 0.27446359068651077",
                "f 3690 0.8662310000000004 0.1303359999999992 0.003433000000000339",
                "f 3623 0.2456780000000067 0.6865039999999931 0.06781800000000018",
                "f 4311 0.35714400000000207 0.628034 0.014821999999997925",
                "f 4312 0.43226499999999934 0.35738400000000053 0.2103510000000001",
                "f 1682 0.26544399999999796 0.33051899999999984 0.40403700000000226",
                "f 3192 0.5673108037605006 0.33319915727119703 0.09949003896830239",
                "f 4313 0.6324000000000003 0.04427900000000004 0.3233209999999997",
                "f 4311 0.021789827190616284 0.15819909239880867 0.820011080410575",
                "f 3192 0.4281799999999998 0.02682700000000267 0.5449929999999975",
                "f 4310 0.3689440000000038 0.03198199999999607 0.5990740000000001",
                "f 4313 0.10273999999999961 0.2184210000000001 0.6788390000000003",
                "f 3192 0.06662399999999946 0.34239300000000106 0.5909829999999995",
                "f 3608 0.5627039999999954 0.1593680000000039 0.27792800000000056",
                "f 1732 0.10229006181626049 0.5248870205160342 0.3728229176677053",
                "f 1604 0.09880499999999903 0.39655599999999996 0.5046390000000011",
                "f 3875 0.36271000000000464 0.4952159999999952 0.14207400000000017",
                "f 4614 0.35397299999999865 0.5125939999999956 0.13343300000000577",
                "f 3188 0.021909999999999152 0.8731190000000008 0.10497100000000009",
                "f 4575 0.7354419999999982 0.16129500000000005 0.10326300000000174",
                "f 3296 0.35057099999999797 0.5999710000000018 0.049458000000000196",
                "f 3920 0.41833799999999677 0.11209700000000307 0.4695650000000001",
                "f 1708 0.7546339999999997 0.025589000000001992 0.21977699999999836",
                "f 1708 0.3377889999999998 0.46725199999999745 0.19495900000000277",
                "f 3168 0.06999000000000333 0.3969569999999962 0.5330530000000004",
                "f 4618 0.49818800000000296 0.19594699999999668 0.3058650000000004",
                "f 4310 0.4745559999999985 0.2856220000000015 0.23982200000000004",
                "f 4169 0.029394999999999616 0.39554400000000134 0.575060999999999",
                "f 4267 0.07658199999999749 0.007943000000002707 0.9154749999999998",
                "f 1732 0.7770919999999996 0.004407000000002517 0.21850099999999795",
                "f 4319 0.21620035053783881 0.06205281470517553 0.7217468347569856",
                "f 4309 0.27324799999999927 0.23926400000000017 0.4874880000000006",
                "f 3478 0.026920999999997086 0.8343619999999999 0.13871700000000298",
                "f 3192 0.23227580376049956 0.7031271572711907 0.06459703896830978",
                "f 4310 0.03494699999999745 0.5460170000000025 0.419036",
                "f 4262 0.3945179999999947 0.3831500000000007 0.22233200000000455",
                "f 4150 0.08640914244944858 0.9084012416273458 0.005189615923205604",
                "f 4262 0.06488499999999875 0.054224999999999815 0.8808900000000014",
                "f 4310 0.7916660000000023 0.07917099999999763 0.12916300000000003",
                "f 4268 0.4441980406778976 0.2640773940368915 0.29172456528521096",
                "f 4210 0.8080989999999999 0.0717660000000002 0.12013499999999992",
                "f 3551 0.6602950000000054 0.23021799999999407 0.10948700000000056",
                "f 3297 0.6359920000000077 0.15502799999999234 0.20897999999999994",
                "f 3535 0.1424579999999987 0.38950899999999994 0.4680330000000014",
                "f 4169 0.35841199999999973 0.4355559999999977 0.20603200000000255",
                "f 1684 0.43264500000000006 0.21791099999999697 0.349444000000003",
                "f 3622 0.4073759999999955 0.4982610000000002 0.09436300000000432",
                "f 1690 0.3530389999999999 0.03424000000000049 0.6127209999999996",
                "f 3536 0.23067500000000335 0.5112329999999967 0.25809199999999993",
                "f 4167 0.32069400000000053 0.6572009999999999 0.02210499999999953",
                "f 3579 0.49419506553334547 0.3079577366694327 0.19784719779722182",
                "f 3271 0.8746750000000009 0.110298 0.015026999999999157",
                "f 4207 0.4233309999999996 0.3088320000000062 0.26783699999999416",
                "f 3633 0.4029847411902074 0.5760810403230905 0.020934218486702145",
                "f 4207 0.06676699999999926 0.8876379999999983 0.04559500000000248",
                "f 4263 0.2292130000000001 0.2499720000000013 0.5208149999999986",
                "f 4265 0.009433000000000469 0.09790500000000049 0.8926619999999991",
                "f 4263 0.414993 0.49051300000000075 0.09449399999999923",
                "f 3550 0.41736002141898854 0.20075008320005944 0.38188989538095197",
                "f 3541 0.34790099999999935 0.4409830000000011 0.2111159999999995",
                "f 3551 0.13948399999999506 0.40699800000000536 0.45351799999999964",
                "f 4231 0.265756000000001 0.5386039999999981 0.1956400000000009",
                "f 3544 0.5274500000000025 0.03395700000000014 0.43859299999999735",
                "f 4234 0.14658300000000746 0.785008999999993 0.06840799999999957",
                "f 4234 0.6256639999999978 0.12367700000000231 0.25065899999999997",
                "f 4230 0.6946440000000003 0.1152220000000029 0.19013399999999686",
                "f 4319 0.5821700000000039 0.3828580000000002 0.03497199999999602",
                "f 1683 0.2735230000000012 0.24805499999999894 0.4784219999999999",
                "f 4235 0.2189499999999994 0.6097839999999982 0.1712660000000024",
                "f 4319 0.09578800000000035 0.7583240000000001 0.14588799999999955",
                "f 3271 0.06019083987589968 0.22610383528294115 0.7137053248411591",
                "f 1681 0.4202019999999999 0.13494299999999998 0.44485500000000006",
                "f 4206 0.34681499999999965 0.37491500000000005 0.27827000000000024",
                "f 3625 0.106398164718285 0.11326967505707489 0.7803321602246401",
                "f 3635 0.16281173739986954 0.2328210430809231 0.6043672195192074",
                "f 3631 0.3587449999999973 0.4255310000000025 0.2157240000000001",
                "f 4206 0.13220500000000351 0.734069 0.13372599999999651",
                "f 4208 0.3293760000000028 0.33964400000000045 0.3309799999999967",
                "f 4208 0.3264549999999974 0.14640500000000012 0.5271400000000025",
                "f 4208 0.7391709999999974 0.06145800000000015 0.19937100000000255",
                "f 4207 0.19138883276351384 0.7186066723959624 0.09000449484052372",
                "f 1697 0.2693679627213312 0.3749506052094292 0.3556814320692397",
                "f 3580 0.25656699999999955 0.1490500000000004 0.5943830000000001",
                "f 4581 0.016627999999996257 0.608983 0.3743890000000037",
                "f 4572 0.30411199999999555 0.4417310000000043 0.25415700000000013",
                "f 1594 0.008931000000002493 0.9055590000000001 0.0855099999999974",
                "f 4583 0.5062159999999959 0.3117369999999999 0.18204700000000418",
                "f 3478 0.7035549999999956 0.260703 0.03574200000000435",
                "f 3478 0.043347999999999276 0.44445000000000007 0.5122020000000007",
                "f 1732 0.23315493818373795 0.2811839794839701 0.48566108233229194",
                "f 1732 0.41353099999999915 0.33167000000000085 0.25479900000000005",
                "f 3479 0.02955600000000186 0.620892999999998 0.3495510000000001",
                "f 3321 0.6943910000000018 0.1300939999999981 0.17551500000000012",
                "f 3479 0.14700708395061612 0.7795405446855904 0.07345237136379344",
                "f 3320 0.308680999999999 0.3131350000000009 0.3781840000000002",
                "f 4319 0.4916699999999986 0.25373200000000007 0.2545980000000013",
                "f 3478 0.3110070000000036 0.535471 0.15352199999999638",
                "f 3633 0.5428509999999993 0.19852700000000442 0.2586219999999962",
                "f 4319 0.10678499999999935 0.2993279999999999 0.5938870000000007",
                "f 4309 0.578813018010583 0.41843719449877725 0.002749787490639649",
                "f 4309 0.1971880180105758 0.5842991944987775 0.21851278749064665",
                "f 1683 0.06506899999999394 0.6254130000000061 0.30951799999999996",
                "f 4319 0.25539100000000226 0.42118399999999995 0.32342499999999774",
                "f 1683 0.33021078178730334 0.47102601924081033 0.19876319897188632",
                "f 3633 0.32147574119020694 0.29937304032309314 0.37915121848669986",
                "f 4319 0.3930423505378433 0.5396068147051759 0.06735083475698075",
                "f 1683 0.5348060000000006 0.09276599999999956 0.3724279999999999",
                "f 1716 0.4533547268134603 0.5133503379234626 0.033294935263077086",
                "f 4209 0.37301300000000065 0.3562229999999999 0.2707639999999994",
                "f 3271 0.558445000000005 0.17340000000000014 0.268154999999995",
                "f 4210 0.17333333440579918 0.42637193771977067 0.40029472787443016",
                "f 4577 0.4725346586002597 0.07512747177668733 0.45233786962305295",
                "f 3634 0.0567720000000036 0.0370009999999966 0.9062269999999998",
                "f 3633 0.03771374119020632 0.4420630403230869 0.5202232184867067",
                "f 1595 0.09944199999999931 0.5551700000000007 0.345388",
                "f 4577 0.04233800000000143 0.26013 0.6975319999999986",
                "f 4314 0.8411549999999991 0.150907 0.007938000000000863",
                "f 1683 0.0907140000000026 0.8921399999999975 0.017145999999999908",
                "f 3478 0.3504989999999977 0.10785699999999998 0.5416440000000023",
                "f 3323 0.49857106366152815 0.46052804565201877 0.04090089068645308",
                "f 1683 0.7222469999999971 0.23141300000000295 0.04633999999999995",
                "f 3624 0.26123799999999575 0.18482399999999996 0.5539380000000043",
                "f 1681 0.19796699999999717 0.30626799999999993 0.49576500000000284",
                "f 3270 0.3153669999999996 0.23464000000000448 0.44999299999999587",
                "f 3625 0.5485939999999996 0.30321399999999765 0.1481920000000027",
                "f 3270 0.6344249999999996 0.330636999999996 0.034938000000004306",
                "f 3270 0.4756900000000005 0.27528999999999904 0.24902000000000044",
                "f 3625 0.2531408352817136 0.15521032494293166 0.5916488397753548",
                "f 3631 0.357689999999998 0.31387100000000207 0.328439",
                "f 3271 0.1536859999999996 0.8138580000000004 0.03245599999999998",
                "f 1698 0.17841499999999957 0.694529999999997 0.12705500000000344",
                "f 4206 0.03838999999999948 0.42676400000000003 0.5348460000000005",
                "f 1698 0.35200716036356533 0.34827290739434513 0.29971993224208954",
                "f 4261 0.24474699999999977 0.3974550000000001 0.3577980000000001",
                "f 3269 0.5216400000000001 0.0635810000000014 0.4147789999999985",
                "f 3269 0.32093700000000014 0.08295599999999946 0.5961070000000004",
                "f 3269 0.13659721877791023 0.6954256506986094 0.16797713052348037",
                "f 3632 0.6014652185163896 0.17370864432756247 0.22482613715604796",
                "f 4208 0.0002539999999967568 0.29238900000000034 0.7073570000000029",
                "f 1699 0.19821099999999925 0.45569199999999976 0.346097000000001",
                "f 4207 0.3564170000000002 0.13979399999999992 0.5037889999999998",
                "f 4260 0.4508420000000004 0.22589600000000007 0.3232619999999995",
                "f 4207 0.1447039999999994 0.5070879999999982 0.3482080000000024",
                "f 1593 0.6181132605966818 0.09971721615637572 0.28216952324694244",
                "f 1698 0.43281083963643474 0.01085309260565345 0.5563360677579118",
                "f 1698 0.5745419999999997 0.39086900000000147 0.03458899999999882",
                "f 4208 0.017556999999997824 0.17681400000000005 0.8056290000000021",
                "f 3632 0.9580122185163901 0.026269644327573956 0.01571813715603598",
                "f 4207 0.03944699999999968 0.21321199999999627 0.747341000000004",
                "f 4208 0.4061880000000009 0.24669600000000005 0.3471159999999991",
                "f 4208 0.637826494988253 0.228297832800681 0.13387567221106603",
                "f 3520 0.8660962217985022 0.040464485089150064 0.09343929311234782",
                "f 4207 0.0053110000000004265 0.8559339999999973 0.13875500000000227",
                "f 4207 0.06180700000000117 0.443962999999995 0.49423000000000383",
                "f 3519 0.8298809999999999 0.010895999999998882 0.15922300000000117",
                "f 4208 0.547225000000007 0.08934499999999995 0.36342999999999304",
                "f 3475 0.018172527112779113 0.8483354107164274 0.1334920621707935",
                "f 3626 0.8891818397537189 0.0784728355518164 0.03234532469446468",
                "f 3625 0.06219683528171395 0.917405324942932 0.02039783977535402",
                "f 4166 0.08135200000000072 0.8329319999999995 0.08571599999999983",
                "f 3631 0.38348900000000197 0.537658999999998 0.07885200000000006",
                "f 3759 0.11721100000000062 0.4881139999999991 0.39467500000000033",
                "f 4265 0.31015083879027394 0.43047009270944847 0.2593790685002776",
                "f 4264 0.5893599999999987 0.36019000000000145 0.05044999999999986",
                "f 3572 0.4250999244876439 0.12200341758919428 0.4528966579231618",
                "f 1698 0.31045999999999974 0.030839999999997463 0.6587000000000028",
                "f 3249 0.30195499999999964 0.02206499999999719 0.6759800000000031",
                "f 1661 0.2894104526307477 0.11057513298837039 0.6000144143808819",
                "f 3320 0.16594499999999657 0.1946610000000038 0.6393939999999997",
                "f 3479 0.4107740000000046 0.3378489999999955 0.2513769999999999",
                "f 3320 0.5731959221933246 0.39626045118773184 0.03054362661894353",
                "f 4267 0.8955623938455253 0.050033568241969376 0.05440403791250542",
                "f 4168 0.29663400000000084 0.3643629999999989 0.3390030000000003",
                "f 4052 0.44402174239900993 0.03878375028126325 0.5171945073197268",
                "f 4263 0.754111 0.12163600000000004 0.124253",
                "f 4260 0.3408290086507324 0.536135602829652 0.12303538851961562",
                "f 3323 0.009583000000001354 0.8970770000000019 0.09333999999999675",
                "f 3475 0.4256920000000013 0.230524 0.34378399999999876",
                "f 3479 0.0038810000000046863 0.29226099999999516 0.7038580000000001",
                "f 3899 0.5255790000000005 0.0760200000000031 0.3984009999999965",
                "f 3898 0.3546670000000044 0.05553899999999556 0.589794",
                "f 3899 0.3177700000000005 0.6345379999999946 0.04769200000000491",
                "f 3897 0.2621520000000005 0.2196010000000039 0.5182469999999956",
                "f 1595 0.8990369999999971 0.02383300000000293 0.07713000000000003",
                "f 3888 0.21416099999999783 0.019137999999999995 0.7667010000000022",
                "f 3899 0.19353900000000113 0.31616999999999906 0.4902909999999998",
                "f 3898 0.0595119999999969 0.23865100000000292 0.7018370000000002",
                "f 3888 0.5374055723406275 0.11128314780740954 0.3513112798519629",
                "f 4375 0.714596 0.27813499999999947 0.007269000000000481",
                "f 3899 0.020612000000000782 0.9478769999999952 0.03151100000000402",
                "f 3898 0.04960399999999732 0.009523000000002906 0.9408729999999997",
                "f 3684 0.08081174201418906 0.6056397534980125 0.3135485044877985",
                "f 3685 0.1608779999999997 0.7935949999999917 0.04552700000000859",
                "f 4374 0.42278700000000097 0.42516899999999985 0.15204399999999912",
                "f 3625 0.3796319999999992 0.20309000000000021 0.4172780000000006",
                "f 3888 0.2538950000000054 0.2996909999999999 0.44641399999999465",
                "f 3183 0.05953841674654181 0.28146185214931985 0.6589997311041383",
                "f 3181 0.41488400000000103 0.5146540000000043 0.07046199999999468",
                "f 3477 0.9028349162684448 0.023380457180390075 0.07378462655116515",
                "f 3760 0.10840899999999931 0.02860900000000012 0.8629820000000006",
                "f 3269 0.03506500000000001 0.5246240000000022 0.4403109999999978",
                "f 4264 0.19954199999999844 0.4851760000000015 0.31528200000000006",
                "f 3571 0.0031429999999980085 0.2841400000000001 0.7127170000000019",
                "f 1661 0.031394000000003766 0.90095 0.0676559999999962",
                "f 3181 0.2184160000000014 0.4353960000000005 0.34618799999999805",
                "f 3688 0.42544399999999943 0.30898600000000054 0.26557000000000003",
                "f 3289 0.4978179999999982 0.36552500000000154 0.13665700000000028",
                "f 3691 0.4453820000000047 0.5500069999999952 0.004611000000000006",
                "f 1752 0.4980419999999978 0.17492700000000022 0.3270310000000019",
                "f 3685 0.03983299999999923 0.3339099999999989 0.626257000000002",
                "f 3688 0.08694103793591898 0.8052585415929772 0.10780042047110386",
                "f 3686 0.23950400000000843 0.2762419999999999 0.4842539999999917",
                "f 4052 0.002797257600990921 0.1438752497187369 0.8533274926802722",
                "f 3690 0.6595523530793705 0.3370028769163508 0.0034447700042787065",
                "f 3289 0.004427999999997434 0.38847800000000254 0.607094",
                "f 3691 0.03511700000000367 0.6948789999999962 0.2700040000000001",
                "f 1752 0.8253449999999993 0.11984299999999978 0.05481200000000082",
                "f 4150 0.016745999999998373 0.678557000000001 0.30469700000000066",
                "f 3623 0.22165800000000085 0.38477199999999917 0.3935699999999999",
                "f 3761 0.223101000000001 0.05182599999999874 0.7250730000000003",
                "f 1739 0.07753800000000155 0.13191599999999848 0.790546",
                "f 3465 0.386325000000001 0.5404100000000001 0.07326499999999897",
                "f 3340 0.3599099999999988 0.38696800000000237 0.2531219999999988",
                "f 4144 0.6184951817935467 0.018558285339053356 0.3629465328674",
                "f 4312 0.5686550000000001 0.425646000000003 0.005698999999996799",
                "f 4311 0.6056801728093775 0.19942290760119108 0.19489691958943142",
                "f 4311 0.3462818271906301 0.35141609239880867 0.3023020804105612",
                "f 4311 0.8786268271906174 0.08445409239880851 0.036919080410574116",
                "f 4311 0.3494121728093784 0.005571907601191206 0.6450159195894304",
                "f 3623 0.899852000000004 0.02669499999999578 0.07345300000000023",
                "f 1690 0.16779499999999825 0.771852999999997 0.060352000000004735",
                "f 3898 0.7560539999999969 0.06849300000000327 0.17545299999999991",
                "f 1698 0.15976199999999974 0.1366109999999982 0.703627000000002",
                "f 4102 0.5846490000000001 0.16899300000000195 0.246357999999998",
                "f 4142 0.440243999999999 0.10581700000000091 0.45393900000000004",
                "f 1594 0.17074599999999973 0.05619700000000018 0.7730570000000001",
                "f 3304 0.7200870000000001 0.27596599999999694 0.0039470000000029655",
                "f 3296 0.03165100000000082 0.47264699999999926 0.4957019999999999",
                "f 1708 0.13721500000000075 0.007912999999998949 0.8548720000000003",
                "f 3926 0.08737499999999998 0.02528599999999449 0.8873390000000055",
                "f 3546 0.6831579999999957 0.16787000000000454 0.14897199999999983",
                "f 1604 0.5632509999999994 0.272946 0.1638030000000006",
                "f 4209 0.0472699999999997 0.1272609999999998 0.8254690000000005",
                "f 3535 0.2294810000000031 0.6882140000000001 0.08230499999999678",
                "f 3272 0.4984400000000023 0.32308399999999754 0.17847600000000022",
                "f 3875 0.6008990000000052 0.08356199999999449 0.31553900000000035",
                "f 3875 0.06944900000000004 0.566774 0.36377699999999996",
                "f 4614 0.10670200000000005 0.7310779999999996 0.1622200000000004",
                "f 3170 0.4628640000000061 0.5208529999999921 0.016283000000001765",
                "f 3540 0.46524799999999983 0.16804700000000497 0.36670499999999523",
                "f 3189 0.5635799999999977 0.05973100000000239 0.3766889999999998",
                "f 3189 0.9597970000000047 0.02893499999999521 0.011268000000000167",
                "f 4235 0.08056699999999972 0.10354900000000838 0.815883999999992",
                "f 3874 0.23246399999999934 0.6886110000000002 0.07892500000000048",
                "f 3189 0.07379099523186511 0.5771793568628043 0.3490296479053306",
                "f 3875 0.7931190000000033 0.13407899999999667 0.07280199999999991",
                "f 1595 0.44979195854029963 0.004769324246461433 0.5454387172132389",
                "f 3467 0.8206670000000001 0.07196199999999442 0.1073710000000054",
                "f 3466 0.39308499999999935 0.3967490000000007 0.21016599999999994",
                "f 3340 0.7542299999999988 0.20232300000000725 0.04344699999999387"
            ]
        },
        {
            "name": "objShapepalm",
            "contactPoints": [
                "f 3870 0.21057398697728957 0.006403365648762316 0.7830226473739481",
                "f 1626 0.4093990000000003 0.46263599999999866 0.12796500000000097",
                "f 3866 0.36033199999999965 0.0015420000000061962 0.6381259999999942",
                "f 3869 0.20069011763506728 0.27169017318139665 0.5276197091835361",
                "f 3869 0.625038882364936 0.2734658268186004 0.10149529081646372",
                "f 1601 0.62597 0.1256970000000044 0.2483329999999956",
                "f 4559 0.5888689999999996 0.27673999999999577 0.13439100000000453",
                "f 3623 0.47796500000000186 0.2123949999999981 0.30964",
                "f 3275 0.0677999999999992 0.4293369999999996 0.5028630000000012",
                "f 3867 0.5403549999999961 0.43421800000000355 0.025427000000000272",
                "f 3614 0.20047900000000043 0.5587100000000049 0.24081099999999464",
                "f 4549 0.3517419999999997 0.4166629999999982 0.23159500000000205",
                "f 4548 0.7438089961531527 0.1083099340757053 0.14788106977114207",
                "f 3190 0.41113599999999806 0.5526850000000018 0.036179000000000155",
                "f 3868 0.45807699999999907 0.4914970000000001 0.05042600000000083",
                "f 1601 0.0812489999999993 0.5840579999999991 0.33469300000000163",
                "f 4558 0.3768070000000038 0.5652399999999962 0.05795300000000003",
                "f 4557 0.42856 0.5303379999999962 0.04110200000000379",
                "f 3873 0.42936697127508394 0.5296941795668079 0.04093884915810818",
                "f 3864 0.47673099999999996 0.13390000000000307 0.389368999999997",
                "f 4559 0.13661301745575982 0.601884055960952 0.2615029265832882",
                "f 3618 0.24956399999999454 0.5636420000000056 0.18679399999999982",
                "f 3272 0.4723799999999971 0.24721500000000332 0.2804049999999996",
                "f 3622 0.597428000000007 0.3857799999999998 0.01679199999999326",
                "f 3622 0.46741299999999836 0.03660900000000005 0.49597800000000164",
                "f 3623 0.025550999999994994 0.37047100000000516 0.6039779999999999",
                "f 4290 0.08919299999999997 0.4583869999999998 0.45242000000000016",
                "f 3621 0.02094300000000021 0.6070339999999999 0.37202299999999994",
                "f 1600 0.30091 0.0306289999999975 0.6684610000000025",
                "f 3188 0.2401500000000066 0.5397049999999931 0.22014500000000028",
                "f 3619 0.5940369999999975 0.18044800000000005 0.22551500000000246",
                "f 3275 0.7378639800814898 0.25058089821526003 0.011555121703250225",
                "f 3273 0.2611739999999986 0.21185800000000174 0.5269679999999997",
                "f 3871 0.7624420000000011 0.21751699999999963 0.02004099999999927",
                "f 3875 0.11342599999999992 0.23539800000000036 0.6511759999999998",
                "f 3871 0.36900700000000564 0.10881699999999975 0.5221759999999946",
                "f 3871 0.045147000000001936 0.5419419999999999 0.41291099999999814",
                "f 3874 0.1562799999999966 0.5857830000000002 0.25793700000000325",
                "f 3191 0.22333499999999942 0.5415050000000038 0.2351599999999968",
                "f 1602 0.6067240472000055 0.12442824673533401 0.2688477060646605",
                "f 3613 0.07920600000000666 0.5954249999999933 0.325369",
                "f 3870 0.3838480130227251 0.26803863435122266 0.34811335262605225",
                "f 3866 0.8332879999999998 0.0007260000000063109 0.1659859999999939",
                "f 3865 0.6121329999999979 0.24562600000000193 0.1422410000000002"
            ]
        },
        {
            "name": "objShapethumb",
            "contactPoints": [
                "f 1743 0.20348299999999625 0.7743160000000041 0.022200999999999648",
                "f 1759 0.0057259709831473105 0.1700251569256465 0.8242488720912062",
                "f 1675 0.3221459999999985 0.16088300000000094 0.5169710000000005",
                "f 3407 0.7481206790967536 0.044304307765763995 0.20757501313748236",
                "f 3153 0.468662 0.4449159999999983 0.08642200000000164",
                "f 4085 0.03205010673299477 0.8410559656344232 0.12689392763258203",
                "f 1673 0.7719000000000028 0.1670499999999999 0.06104999999999726",
                "f 3262 0.06900196055998586 0.2283185888319695 0.7026794506080446",
                "f 3651 0.20941996070126234 0.02819658877749862 0.762383450521239",
                "f 3650 0.229802 0.3932049999999997 0.3769930000000003",
                "f 4088 0.34484499999999585 0.058235999999998865 0.5969190000000053",
                "f 3654 0.03896300000000075 0.6089859999999913 0.352051000000008",
                "f 4359 0.19474799999999942 0.5491719999999952 0.25608000000000536",
                "f 3401 0.0839330000000007 0.025336999999993885 0.8907300000000055",
                "f 3398 0.5372370000000009 0.19046200000000066 0.2723009999999984",
                "f 1759 0.4977569709831379 0.14135815692565523 0.36088487209120684",
                "f 3406 0.36237100000000844 0.11096399999999204 0.5266649999999995",
                "f 4133 0.07952899999999857 0.6359480000000002 0.28452300000000125",
                "f 1757 0.5218509999999926 0.27791500000000013 0.2002340000000072",
                "f 3396 0.16251859534291954 0.7554518656136169 0.08202953904346358",
                "f 3345 0.4201749999999991 0.13009700000000476 0.44972799999999613",
                "f 3405 0.85962 0.1206799999999987 0.019700000000001314",
                "f 3983 0.2007824655615888 0.7466727737604136 0.052544760677997564",
                "f 4133 0.5128170000000029 0.3231760000000001 0.164006999999997",
                "f 4135 0.3655729999999998 0.06039100000000558 0.5740359999999946",
                "f 4134 0.2698590000000009 0.2943369999999994 0.4358039999999997",
                "f 3979 0.024505999999997474 0.7000560000000021 0.2754380000000004",
                "f 3261 0.4406310000000001 0.16299300000000244 0.3963759999999975",
                "f 4364 0.1504599999999987 0.17326600000000397 0.6762739999999974",
                "f 4130 0.6530081626718316 0.02214537361261251 0.3248464637155559",
                "f 4130 0.4428060000000018 0.5407159999999984 0.016477999999999767",
                "f 3399 0.4553009999999999 0.21110700000000018 0.33359199999999994",
                "f 4135 0.7174430000000004 0.21733900000000173 0.06521799999999787",
                "f 3345 0.08245565947535388 0.6352193791577173 0.2823249613669288",
                "f 3347 0.2806915988987083 0.015416859286756771 0.703891541814535",
                "f 4135 0.42799100000000007 0.29128300000000057 0.2807259999999993"
            ]
        },
        {
            "name": "humanShapefingers",
            "contactPoints": [
                "v 2049",
                "v 2050",
                "v 513",
                "v 514",
                "v 2571",
                "v 524",
                "v 2573",
                "v 2572",
                "v 2575",
                "v 2576",
                "v 2574",
                "v 2578",
                "v 2577",
                "v 2579",
                "v 2581",
                "v 1555",
                "v 1558",
                "v 2039",
                "v 2040",
                "v 2593",
                "v 2042",
                "v 2085",
                "v 2086",
                "v 2087",
                "v 549",
                "v 550",
                "v 551",
                "v 2043",
                "v 2044",
                "v 2094",
                "v 2095",
                "v 2097",
                "v 2098",
                "v 2609",
                "v 2610",
                "v 563",
                "v 564",
                "v 565",
                "v 566",
                "v 567",
                "v 2611",
                "v 2612",
                "v 570",
                "v 573",
                "v 579",
                "v 2628",
                "v 581",
                "v 580",
                "v 2629",
                "v 2632",
                "v 582",
                "v 2630",
                "v 2635",
                "v 2636",
                "v 2631",
                "v 583",
                "v 1622",
                "v 602",
                "v 606",
                "v 607",
                "v 608",
                "v 2147",
                "v 2148",
                "v 2149",
                "v 2150",
                "v 2151",
                "v 614",
                "v 615",
                "v 2666",
                "v 1750",
                "v 1751",
                "v 1752",
                "v 624",
                "v 625",
                "v 1753",
                "v 630",
                "v 631",
                "v 1754",
                "v 2032",
                "v 1755",
                "v 641",
                "v 1756",
                "v 2182",
                "v 2183",
                "v 2185",
                "v 2188",
                "v 1758",
                "v 2190",
                "v 2191",
                "v 2192",
                "v 2193",
                "v 1759",
                "v 1760",
                "v 666",
                "v 667",
                "v 668",
                "v 670",
                "v 1699",
                "v 1702",
                "v 1703",
                "v 2216",
                "v 2217",
                "v 2218",
                "v 2219",
                "v 2220",
                "v 2221",
                "v 2222",
                "v 2223",
                "v 680",
                "v 681",
                "v 2226",
                "v 682",
                "v 683",
                "v 684",
                "v 2733",
                "v 686",
                "v 2735",
                "v 688",
                "v 690",
                "v 691",
                "v 694",
                "v 695",
                "v 2744",
                "v 1768",
                "v 1769",
                "v 2250",
                "v 2251",
                "v 2252",
                "v 2253",
                "v 1741",
                "v 1742",
                "v 1743",
                "v 1744",
                "v 1745",
                "v 1746",
                "v 1747",
                "v 1748",
                "v 2774",
                "v 1749",
                "v 2776",
                "v 2777",
                "v 2778",
                "v 2779",
                "v 2780",
                "v 2781",
                "v 2782",
                "v 2783",
                "v 2784",
                "v 2785",
                "v 2274",
                "v 2275",
                "v 2786",
                "v 2277",
                "v 2278",
                "v 2787",
                "v 2788",
                "v 2281",
                "v 2282",
                "v 2789",
                "v 2790",
                "v 237",
                "v 238",
                "v 2791",
                "v 2792",
                "v 2796",
                "v 2799",
                "v 2800",
                "v 2801",
                "v 2802",
                "v 2803",
                "v 2805",
                "v 2808",
                "v 1777",
                "v 2810",
                "v 1778",
                "v 1779",
                "v 2813",
                "v 2814",
                "v 2815",
                "v 2816",
                "v 2817",
                "v 1780",
                "v 2811",
                "v 1796",
                "v 2812",
                "v 2312",
                "v 1800",
                "v 1801",
                "v 2828",
                "v 2829",
                "v 2830",
                "v 2831",
                "v 2832",
                "v 2833",
                "v 2834",
                "v 2835",
                "v 2836",
                "v 2837",
                "v 281",
                "v 2806",
                "v 2807",
                "v 301",
                "v 2809",
                "v 326",
                "v 328",
                "v 329",
                "v 330",
                "v 332",
                "v 2380",
                "v 2382",
                "v 340",
                "v 341",
                "v 342",
                "v 343",
                "v 344",
                "v 2391",
                "v 1704",
                "v 350",
                "v 1383",
                "v 1384",
                "v 1385",
                "v 2421",
                "v 2422",
                "v 2424",
                "v 2425",
                "v 2426",
                "v 2427",
                "v 2428",
                "v 2429",
                "v 2430",
                "v 2431",
                "v 2432",
                "v 2433",
                "v 2434",
                "v 2435",
                "v 2436",
                "v 687",
                "v 2438",
                "v 2439",
                "v 2440",
                "v 1412",
                "v 1705",
                "v 689",
                "v 1706",
                "v 1707",
                "v 2447",
                "v 2448",
                "v 2455",
                "v 1709",
                "v 2457",
                "v 410",
                "v 2459",
                "v 2460",
                "v 2461",
                "v 2458",
                "v 2477",
                "v 1714",
                "v 2481",
                "v 1968",
                "v 435",
                "v 2484",
                "v 1715",
                "v 438",
                "v 439",
                "v 440",
                "v 441",
                "v 2490",
                "v 2491",
                "v 2492",
                "v 2493",
                "v 2494",
                "v 2488",
                "v 2487",
                "v 506",
                "v 1716",
                "v 452",
                "v 455",
                "v 468",
                "v 469",
                "v 470",
                "v 471",
                "v 2532",
                "v 485",
                "v 2534",
                "v 486",
                "v 488",
                "v 489",
                "v 2544",
                "v 2545",
                "v 2546",
                "v 2547",
                "v 496",
                "v 2549",
                "v 2550",
                "v 497",
