{
    "data": [
        {
            "name": "objShapefingers",
            "contactPoints": [
                "f 254 0.2138700427714264 0.4037412251042301 0.38238873212434354",
                "f 259 0.3002520000000005 0.5184810000000001 0.18126699999999943",
                "f 876 0.13182738967269647 0.7097438864683954 0.15842872385890816",
                "f 879 0.718762 0.22077599999999983 0.06046200000000015",
                "f 876 0.2792600000000008 0.3222759999999991 0.3984640000000001",
                "f 234 0.5522283395549814 0.11619329208071076 0.3315783683643079",
                "f 273 0.3541100000000005 0.4917989999999993 0.1540910000000002",
                "f 234 0.18952200000000002 0.48460099999999984 0.32587700000000014",
                "f 258 0.3074619999999998 0.26169699999999907 0.43084100000000114",
                "f 258 0.5501127825395533 0.21917634855090487 0.23071086890954184",
                "f 273 0.02259700000000009 0.5969699999999998 0.38043300000000013",
                "f 1293 0.3760361495056671 0.38915727717988685 0.23480657331444613",
                "f 1293 0.0001500000000000945 0.4992410000000001 0.5006089999999999",
                "f 258 0.016707999999999612 0.3744559999999997 0.6088360000000007",
                "f 258 0.030032999999999865 0.00037799999999846843 0.9695890000000017",
                "f 1304 0.11249600000000093 0.37479999999999913 0.5127039999999999",
                "f 319 0.47082599999999974 0.34093199999999996 0.18824200000000021",
                "f 10 0.07183600000000134 0.26736599999999844 0.6607980000000002",
                "f 339 0.3319820000000003 0.3037699999999996 0.36424800000000007",
                "f 340 0.49120299999999867 0.41685700000000003 0.09194000000000128",
                "f 257 0.014984000000001173 0.9773309999999991 0.007684999999999764",
                "f 1307 0.976745 0.01857500000000002 0.00468000000000006",
                "f 1304 0.38483000000000006 0.3422710000000001 0.27289899999999984",
                "f 875 0.5123330000000001 0.13242799999999966 0.3552390000000002",
                "f 873 0.008636272827249103 0.27719363749804504 0.7141700896747059",
                "f 1308 0.7681240000000001 0.197268 0.034607999999999875",
                "f 1307 0.31759899999999985 0.161904000000001 0.5204969999999992",
                "f 1307 0.5104589999999997 0.4595629999999999 0.029978000000000397",
                "f 1312 0.5589890000000001 0.010119000000000008 0.43089199999999994",
                "f 874 0.6909199999999995 0.1986410000000003 0.11043900000000012",
                "f 1312 0.30869999999999953 0.18408400000000028 0.5072160000000002",
                "f 882 0.4219708043662744 0.28741556446768957 0.29061363116603606",
                "f 880 0.31814399999999987 0.4772850000000001 0.20457099999999998",
                "f 876 0.16530100000000003 0.18701399999999965 0.6476850000000003",
                "f 883 0.05247200000000063 0.004986000000000015 0.9425419999999993",
                "f 882 0.674011 0.17326699999999992 0.15272200000000005",
                "f 883 0.4917576672473668 0.25558079905023406 0.2526615337023991",
                "f 877 0.3990869999999991 0.17022100000000118 0.43069199999999974",
                "f 878 0.7591690000000006 0.0005569999999991978 0.24027400000000004",
                "f 878 0.8945180000000007 0.06217299999999947 0.04330899999999987",
                "f 878 0.04506623953116337 0.811748129411725 0.1431856310571116",
                "f 879 0.12965500000000027 0.8236389999999988 0.04670600000000094",
                "f 879 0.5125310000000002 0.4709020000000009 0.016566999999998947",
                "f 879 0.41353800000000046 0.1779650000000004 0.40849699999999917",
                "f 879 0.18789500000000048 0.05841299999999968 0.7536919999999998",
                "f 879 0.3462640000000006 0.6425639999999998 0.01117199999999956",
                "f 879 0.10504700000000056 0.44272800000000007 0.45222499999999943",
                "f 1275 0.5288123522953296 0.018827766516244463 0.45235988118842585",
                "f 1264 0.2200905707339318 0.24242264470448835 0.5374867845615798",
                "f 1264 0.5888600000000006 0.10014300000000072 0.3109969999999986",
                "f 1264 0.41194500000000117 0.22695899999999983 0.36109599999999903",
                "f 1268 0.15680254690232803 0.5290036474887077 0.3141938056089643",
                "f 1645 0.5240916407504713 0.29942134811224075 0.1764870111372879",
                "f 1267 0.6244765627872533 0.05257646579161507 0.32294697142113177",
                "f 1268 0.09081600000000054 0.8737159999999999 0.035467999999999535",
                "f 1269 0.7251206342421639 0.21544472198639242 0.059434643771443724",
                "f 605 0.464550000000001 0.24085199999999912 0.2945979999999998",
                "f 1269 0.5321660000000001 0.135672 0.3321619999999999",
                "f 473 0.2619310000000006 0.07763199999999974 0.6604369999999997",
                "f 494 0.8080217711276552 0.18542058610311515 0.006557642769229641",
                "f 1266 0.6563579999999996 0.10724200000000013 0.23640000000000028",
                "f 1267 0.15019400000000088 0.3530520000000002 0.496753999999999",
                "f 1683 0.3069360000000012 0.068253 0.6248109999999988",
                "f 1663 0.742821192318904 0.010927340555815469 0.24625146712528057",
                "f 1677 0.03432299999999944 0.11238400000000001 0.8532930000000005",
                "f 1683 0.045962000000000613 0.40351399999999993 0.5505239999999995",
                "f 1682 0.1711675156457951 0.585784644343082 0.24304784001112292",
                "f 2063 0.5323522770907819 0.1055720796743581 0.36207564323485997",
                "f 1599 0.10021800000000004 0.7802229999999997 0.11955900000000029",
                "f 1658 0.4470383640816362 0.34470907623839153 0.20825255967997225",
                "f 341 0.024115000000000164 0.8527929999999999 0.12309199999999992",
                "f 408 0.10321569638947437 0.33617724330970583 0.5606070603008197",
                "f 1271 0.4105230000000001 0.3880350000000002 0.2014419999999998",
                "f 1645 0.6160633592495282 0.052604651887759146 0.3313319888627126",
                "f 1269 0.5861459999999998 0.004834000000000012 0.4090200000000001",
                "f 1660 0.3934529999999987 0.5179849999999996 0.08856200000000168",
                "f 1660 0.16513399999999973 0.6081209999999996 0.2267450000000007",
                "f 1271 0.2847779999999986 0.3023940000000018 0.4128279999999996",
                "f 604 0.12765099999999913 0.6019650000000007 0.2703840000000001",
                "f 540 0.4572729999999997 0.5023690000000004 0.0403579999999999",
                "f 1271 0.20273700000000117 0.19116999999999842 0.6060930000000004",
                "f 1656 0.5608119999999988 0.12986900000000223 0.309318999999999",
                "f 1647 0.7082909999999993 0.0038700000000004577 0.2878390000000001",
                "f 1596 0.03966176472868402 0.8792466509962866 0.08109158427502935",
                "f 1265 0.21937399999999732 0.6203610000000056 0.16026499999999708",
                "f 1619 0.6280489999999996 0.2284500000000004 0.14350100000000005",
                "f 1558 0.057837999999999945 0.5286830000000005 0.4134789999999996",
                "f 399 0.42686800000000025 0.49271699999999974 0.08041500000000003",
                "f 396 0.25281700000000085 0.48587700000000067 0.2613059999999985",
                "f 1599 0.49141099999999927 0.37426800000000077 0.13432100000000002",
                "f 1246 0.39892900000000003 0.25291400000000064 0.34815699999999933",
                "f 1246 0.06747299999999956 0.4109530000000003 0.5215740000000001",
                "f 1352 0.3419010000000001 0.36999399999999943 0.2881050000000004",
                "f 1298 0.4134759999999994 0.3185540000000011 0.2679699999999995",
                "f 1658 0.5523250000000002 0.09528099999999996 0.3523939999999999",
                "f 1661 0.693235 0.19144900000000056 0.11531599999999947",
                "f 1746 0.0750826419431383 0.17782289508625138 0.7470944629706103",
                "f 1274 0.317878 0.558358 0.12376399999999999",
                "f 1267 0.6359159999999997 0.27585999999999994 0.08822400000000029",
                "f 1265 0.4941253327581832 0.17023660719717243 0.3356380600446444",
                "f 1276 0.3060220000000008 0.4210959999999996 0.2728819999999996",
                "f 1352 0.02621799999999974 0.3574670000000001 0.6163150000000002",
                "f 1355 0.02940400000000104 0.4706539999999996 0.4999419999999994",
                "f 1340 0.5657869999999998 0.00016499999999993226 0.4340480000000002",
                "f 1338 0.09717299999999995 0.023153000000001134 0.879673999999999",
                "f 1355 0.17008500000000004 0.24692299999999956 0.5829920000000004",
                "f 1681 0.31122399999999995 0.4220080000000008 0.26676799999999923",
                "f 1681 0.049478000000000105 0.8171269999999999 0.13339499999999996",
                "f 45 0.041303999999999674 0.744451 0.21424500000000035",
                "f 55 0.4897599999999998 0.04486799999999956 0.4653720000000006",
                "f 29 0.331886 0.28491899999999937 0.3831950000000006",
                "f 1680 0.48949500000000007 0.07408199999999979 0.43642300000000017",
                "f 2486 0.5271492978509085 0.2816002593512188 0.19125044279787268",
                "f 1343 0.4172210000000007 0.15932199999999896 0.42345700000000036",
                "f 1340 0.20984599999999998 0.5348980000000003 0.2552559999999997",
                "f 1343 0.3436759999999998 0.5494690000000002 0.10685499999999996",
                "f 163 0.1408660000000005 0.05192299999999974 0.8072109999999998",
                "f 53 0.23725000000000018 0.1555759999999986 0.6071740000000012",
                "f 14 0.4315629999999991 0.516584000000001 0.05185299999999988",
                "f 2 0.3052939999999999 0.27756399999999815 0.41714200000000196",
                "f 74 0.2870648075998402 0.16092896132604914 0.5520062310741106",
                "f 61 0.25151699999999855 0.1131530000000025 0.635329999999999",
                "f 104 0.7818070000000001 0.18372299999999972 0.034470000000000056",
                "f 64 0.5937943962489899 0.024633579044237106 0.381572024706773",
                "f 65 0.45068980687897864 0.17769101653053046 0.37161917659049093",
                "f 49 0.05736800000000039 0.7036390000000003 0.23899299999999926",
                "f 22 0.48126399999999975 0.05497200000000143 0.4637639999999988",
                "f 124 0.6772839999999993 0.12054400000000079 0.20217199999999985",
                "f 1311 0.47567400000000004 0.3207159999999999 0.20361000000000007",
                "f 1314 0.51417 0.2440680000000001 0.24176199999999995",
                "f 5668 0.009977000000000444 0.9169109999999999 0.07311199999999964",
                "f 1309 0.5464269999999998 0.39063399999999987 0.06293900000000036",
                "f 1295 0.20732099999999998 0.0011729999999998742 0.7915060000000002",
                "f 1306 0.37121000000000004 0.06877799999999988 0.5600120000000001",
                "f 1306 0.08351300000000006 0.548345 0.36814199999999997",
                "f 48 0.1002510000000007 0.5028419999999996 0.39690699999999973",
                "f 50 0.4366870000000005 0.4097049999999989 0.15360800000000066",
                "f 3 0.5750480000000007 0.10732000000000011 0.31763199999999925",
                "f 87 0.852721 0.12199599999999963 0.025283000000000343",
                "f 1 0.35947099999999904 0.41563800000000106 0.2248909999999999",
                "f 1294 0.4004773221523765 0.4168464971287126 0.1826761807189109",
                "f 5671 0.5637410000000002 0.41274299999999975 0.023516000000000137",
                "f 85 0.24599800000000044 0.594481 0.15952099999999952",
                "f 125 0.6050329999999999 0.10699300000000002 0.28797400000000006",
                "f 127 0.16684800000000072 0.422176 0.4109759999999993",
                "f 124 0.00882899999999931 0.11650600000000032 0.8746650000000004",
                "f 5671 0.19833700000000026 0.7906949999999995 0.010968000000000257",
                "f 5671 0.6482149999999997 0.11764700000000025 0.23413800000000007",
                "f 107 0.5506999999999994 0.24649399999999994 0.20280600000000057",
                "f 125 0.9193299999999995 0.014452000000000034 0.0662180000000005",
                "f 104 0.36444518764546907 0.06087162324066295 0.574683189113868",
                "f 210 0.012879999999999503 0.5356170000000002 0.45150300000000027",
                "f 1251 0.9056929422919134 0.009004027848555517 0.0853030298595311",
                "f 215 0.3389570796373263 0.21659506423703567 0.44444785612563803",
                "f 207 0.41318300000000024 0.21347299999999972 0.37334400000000006",
                "f 486 0.17012364436892402 0.4251403089938494 0.4047360466372265",
                "f 1676 0.00022499999999958664 0.10373100000000009 0.8960440000000003",
                "f 211 0.42677 0.49075100000000027 0.08247899999999976",
                "f 180 0.5472840000000003 0.1174050000000003 0.3353109999999994",
                "f 203 0.09640899999999997 0.8155289999999998 0.0880620000000002",
                "f 203 0.0793850000000016 0.385396 0.5352189999999983",
                "f 1250 0.47950500000000035 0.08987199999999913 0.4306230000000005",
                "f 2667 0.28634599999999977 0.479707 0.23394700000000027",
                "f 488 0.4042530000000001 0.05753499999999998 0.5382119999999999",
                "f 491 0.5131939999999995 0.3762500000000004 0.11055600000000004",
                "f 1336 0.3117770000000002 0.1293579999999998 0.558865",
                "f 1339 0.3211659999999995 0.1763559999999999 0.5024780000000005",
                "f 1341 0.8826550000000004 0.09584799999999982 0.021496999999999752",
                "f 1306 0.007418000000000147 0.2615949999999995 0.7309870000000003",
                "f 1337 0.633668 0.30847099999999983 0.05786100000000014",
                "f 1339 0.33555042531448265 0.613048198753958 0.051401375931559336",
                "f 439 0.4686769999999991 0.13936900000000085 0.391954",
                "f 421 0.5557010000000001 0.20843800000000065 0.23586099999999918",
                "f 1311 0.24176199999999998 0.703756 0.054481999999999975",
                "f 1339 0.6075090000000003 0.24449500000000007 0.14799599999999963",
                "f 1341 0.5582479999999996 0.06690000000000014 0.37485200000000024",
                "f 1341 0.40808000000000105 0.44824999999999965 0.14366999999999935",
                "f 1364 0.5417858559672736 0.21692452754902888 0.24128961648369754",
                "f 1314 0.3267469999999999 0.013995000000000042 0.659258",
                "f 1310 0.025342186824750756 0.20983911096127386 0.7648187022139754",
                "f 1341 0.0051800000000006285 0.21242099999999958 0.7823989999999998",
                "f 1360 0.23095768900790514 0.49983571045854946 0.2692066005335454",
                "f 272 0.3435259999999997 0.48439199999999993 0.17208200000000035",
                "f 275 0.3379400000000003 0.31633099999999964 0.345729",
                "f 232 0.5610900000000001 0.18010500000000002 0.2588049999999999",
                "f 2381 0.7114360000000004 0.24989499999999978 0.03866899999999985",
                "f 1367 0.25474099999999983 0.48287000000000013 0.26238900000000004",
                "f 2380 0.3441890000000004 0.13372799999999943 0.5220830000000002",
                "f 1252 0.6552419999999999 0.04579299999999997 0.2989650000000002",
                "f 1293 0.8707758504943327 0.09251572282011326 0.03670842668555408",
                "f 2387 0.5093346696943037 0.472640148138186 0.01802518216751028",
                "f 2384 0.38547299999999995 0.03191399999999995 0.582613",
                "f 2383 0.23344344082766966 0.04623837085254432 0.720318188319786",
                "f 1365 0.5212673150255718 0.2613079370500367 0.2174247479243916",
                "f 1364 0.16276700000000033 0.3240759999999996 0.5131570000000001",
                "f 234 0.31197799999999987 0.5991129999999999 0.08890900000000021",
                "f 1309 0.09845699999999949 0.8733000000000004 0.028243000000000098",
                "f 2387 0.2781180000000001 0.36579099999999987 0.35609100000000005",
                "f 1304 0.18257800000000102 0.15731099999999923 0.6601109999999998",
                "f 2387 0.31910233030569657 0.10811085186181361 0.5727868178324899",
                "f 2380 0.59383 0.3613029999999998 0.04486700000000021",
                "f 2387 0.548665 0.013841000000000271 0.43749399999999977",
                "f 5668 0.3849569999999999 0.4675700000000001 0.14747300000000005",
                "f 5671 0.46161725981082735 0.08131566830359375 0.45706707188557893",
                "f 2380 0.8402640000000001 0.10978599999999993 0.049949999999999994",
                "f 2384 0.4312929999999999 0.45464000000000016 0.11406699999999995",
                "f 2385 0.348417 0.42374500000000015 0.22783799999999985",
                "f 2385 0.5780209999999999 0.18876900000000021 0.23320999999999986",
                "f 5670 0.16352331508461426 0.05378404266615158 0.7826926422492342",
                "f 5670 0.11545800000000032 0.8081839999999999 0.07635799999999977",
                "f 5670 0.14329700000000045 0.3180119999999997 0.5386909999999998",
                "f 2370 0.24990499999999993 0.17785199999999998 0.5722430000000001",
                "f 2387 0.7825180000000003 0.200815 0.01666699999999979",
                "f 2384 0.003734999999999905 0.814138 0.18212700000000007",
                "f 5668 0.07698399999999994 0.09069899999999981 0.8323170000000002",
                "f 5670 0.5751770000000004 0.06334699999999971 0.3614759999999999",
                "f 5670 0.29338400000000014 0.35570600000000013 0.3509099999999998",
                "f 5671 0.1034187401891723 0.5272183316964069 0.36936292811442084",
                "f 5671 0.2326167401891721 0.1412623316964071 0.6261209281144208",
                "f 5670 0.2176299999999998 0.5906840000000001 0.1916860000000001",
                "f 5670 0.5976439999999997 0.31403400000000026 0.088322",
                "f 1786 0.6117289378648162 0.15648146566819102 0.23178959646699282",
                "f 851 0.317183 0.6525620000000001 0.0302549999999999",
                "f 1787 0.22248000000000023 0.26240099999999944 0.5151190000000003",
                "f 1663 0.12547719231890292 0.4850743405558157 0.3894484671252813",
                "f 854 0.08075399999999938 0.5741829999999993 0.3450630000000013",
                "f 877 0.6295890000000013 0.12258899999999869 0.24782199999999996",
                "f 875 0.8455688307599212 0.08858382591001385 0.06584734333006508",
                "f 880 0.573912 0.3860610000000002 0.04002699999999979",
                "f 259 0.1357879999999998 0.7490580000000002 0.11515399999999999",
                "f 259 0.4153706284251167 0.31162562476613287 0.27300374680875045",
                "f 876 0.000620000000000176 0.5776349999999999 0.4217449999999999",
                "f 1724 0.29692799999999947 0.301404000000001 0.4016679999999995",
                "f 1724 0.4880370000000024 0.38196099999999916 0.13000199999999854",
                "f 1724 0.16770357073866216 0.19692688995433513 0.6353695393070027",
                "f 1727 0.44883499999999993 0.11271699999999993 0.4384480000000001",
                "f 1657 0.01255799999999957 0.7555849999999991 0.23185700000000137",
                "f 234 0.1337219999999999 0.26579699999999995 0.6004810000000002",
                "f 1293 0.01240814950566732 0.7341012771798868 0.25349057331444586",
                "f 1307 0.718605 0.21799099999999935 0.06340400000000053",
                "f 875 0.19702783075992147 0.20155682591001392 0.6014153433300646",
                "f 1305 0.2659410000000002 0.09085899999999968 0.6432000000000001",
                "f 874 0.5283148567680898 0.03867109878889067 0.43301404444301955",
                "f 881 0.5340030000000002 0.053299000000000124 0.4126979999999997",
                "f 880 0.0645758233223021 0.6099765838050498 0.3254475928726481",
                "f 878 0.4511580000000001 0.42992 0.11892199999999979",
                "f 879 0.29037676036713433 0.3754421318714243 0.3341811077614414",
                "f 1272 0.14047885433474827 0.5696267636421556 0.28989438202309614",
                "f 1275 0.19290564770467056 0.21259623348375595 0.5944981188115736",
                "f 1268 0.03251299999999929 0.6829210000000002 0.2845660000000005",
                "f 1268 0.25339899999999965 0.3690469999999998 0.37755400000000056",
                "f 1802 0.04863900000000265 0.3602959999999978 0.5910649999999996",
                "f 2158 0.3877469999999996 0.5428350000000002 0.06941800000000017",
                "f 1801 0.09888300000000044 0.5849850000000002 0.31613199999999936",
                "f 1781 0.3367199999999996 0.4346540000000007 0.22862599999999966",
                "f 1996 0.41076053024173964 0.21973541799213633 0.369504051766124",
                "f 1645 0.5120110000000005 0.4093369999999999 0.07865199999999961",
                "f 1645 0.25924599999999987 0.12759099999999998 0.6131630000000001",
                "f 1267 0.08100256278725404 0.1225164657916155 0.7964809714211305",
                "f 1267 0.2434540000000011 0.5326370000000007 0.22390899999999822",
                "f 1679 0.12720499999999915 0.7453660000000011 0.12742899999999976",
                "f 1681 0.5712469999999997 0.26077299999999937 0.1679800000000009",
                "f 1773 0.1728989999999998 0.07881200000000034 0.7482889999999999",
                "f 1751 0.45808000000000054 0.31590899999999944 0.22601100000000002",
                "f 1740 0.16239699999999957 0.05028400000000175 0.7873189999999987",
                "f 1743 0.15993000000000002 0.4040600000000001 0.4360099999999999",
                "f 1741 0.1187520000000008 0.7891489999999987 0.09209900000000054",
                "f 1741 0.39646800000000004 0.06635900000000015 0.5371729999999998",
                "f 1647 0.6410661635732885 0.24013117125442177 0.11880266517228975",
                "f 1644 0.30959199999999987 0.5562099999999999 0.1341980000000003",
                "f 1800 0.16196399999999878 0.4590080000000014 0.3790279999999998",
                "f 1743 0.8204350000000004 0.06054899999999899 0.11901600000000065",
                "f 1790 0.08992099999999906 0.8992770000000003 0.010802000000000611",
                "f 1799 0.4460630000000003 0.44371699999999925 0.1102200000000004",
                "f 1279 0.33661100000000044 0.0428219999999993 0.6205670000000003",
                "f 2487 0.04776799999999981 0.4933599999999997 0.4588720000000005",
                "f 1791 0.12669611367135225 0.7595242704460088 0.11377961588263895",
                "f 1796 0.4596225123735863 0.1648735127293208 0.37550397489709286",
                "f 1789 0.24614199999999958 0.36786399999999964 0.3859940000000008",
                "f 1996 0.0698474697582605 0.6721965820078626 0.2579559482338769",
                "f 1299 0.08546900000000057 0.4043000000000015 0.510230999999998",
                "f 1298 0.25187856694285216 0.19990972607739732 0.5482117069797505",
                "f 1799 0.19997199999999965 0.3677620000000006 0.43226599999999976",
                "f 1784 0.9558091010387786 0.04265453646471794 0.0015363624965034092",
                "f 1959 0.14281000000000021 0.23515199999999928 0.6220380000000005",
                "f 1274 0.006735999999999631 0.5811940000000005 0.4120699999999998",
                "f 1340 0.7476649999999995 0.04467000000000013 0.2076650000000004",
                "f 2007 0.2153468041909894 0.13211205981230664 0.6525411359967039",
                "f 1997 0.7076799999999998 0.27130299999999985 0.02101700000000045",
                "f 1798 0.6984658273339711 0.23502434806205796 0.0665098246039709",
                "f 2487 0.07140499999999983 0.10458300000000047 0.8240119999999997",
                "f 1343 0.6922929999999997 0.10925800000000038 0.19844899999999985",
                "f 1725 0.6364919999999994 0.029232999999999888 0.3342750000000008",
                "f 1742 0.04436300000000004 0.2766459999999999 0.678991",
                "f 1742 0.7961189999999998 0.06579399999999887 0.13808700000000132",
                "f 1772 0.21559699999999937 0.07586800000000024 0.7085350000000004",
                "f 1727 0.3792735660973615 0.5484335698546831 0.07229286404795542",
                "f 1727 0.08111856609736048 0.776008569854684 0.1428728640479555",
                "f 1770 0.3290400000000008 0.14847199999999974 0.5224879999999995",
                "f 1770 0.14005899999999968 0.7016389999999992 0.15830200000000108",
                "f 1770 0.5931980000000004 0.3894330000000004 0.017368999999999208",
                "f 1745 0.3395389999999988 0.5843080000000014 0.07615299999999978",
                "f 1775 0.09481200000000123 0.4965739999999979 0.4086140000000009",
                "f 1737 0.25781144410800483 0.07431719089496512 0.66787136499703",
                "f 1736 0.15544066010313184 0.21285994667983923 0.631699393217029",
                "f 1739 0.3967950000000014 0.16127199999999964 0.44193299999999897",
                "f 1540 0.058818999999999955 0.05364199999999943 0.8875390000000006",
                "f 1398 0.539746000000001 0.03910199999999886 0.42115200000000025",
                "f 1311 0.09659999999999991 0.505274 0.3981260000000001",
                "f 1314 0.06327699999999986 0.6175480000000002 0.31917499999999993",
                "f 1294 0.7910763221523762 0.12003849712871285 0.08888518071891094",
                "f 1410 0.091725 0.6955809999999994 0.21269400000000055",
                "f 5671 0.3096000000000003 0.5142079999999997 0.17619200000000002",
                "f 1397 0.07163799999999898 0.394504 0.533858000000001",
                "f 1964 0.5671268732704559 0.1945920896967716 0.23828103703277245",
                "f 1964 0.2367090000000012 0.7283829999999996 0.03490799999999925",
                "f 1959 0.9854879976483792 0.0026183567678477455 0.011893645583773047",
                "f 1266 0.06657600000000174 0.34530599999999856 0.5881179999999997",
                "f 1392 0.5518529999999995 0.3796239999999999 0.06852300000000061",
                "f 1336 0.15824500000000002 0.39334999999999987 0.4484050000000001",
                "f 1339 0.06862199999999968 0.5848370000000005 0.3465409999999998",
                "f 1337 0.245157503481149 0.4039799985294313 0.35086249798941976",
                "f 1309 0.05089481946872454 0.16583525736480775 0.7832699231664677",
                "f 1341 0.07505400000000051 0.4193429999999996 0.5056029999999999",
                "f 2382 0.2057299999999998 0.7539 0.040370000000000184",
                "f 2380 0.1338330000000003 0.5503849999999997 0.315782",
                "f 1365 0.1757659999999997 0.3588599999999999 0.46537400000000034",
                "f 2387 0.5350419999999998 0.2294999999999995 0.23545800000000067",
                "f 2384 0.2558510000000002 0.3893199999999999 0.3548289999999999",
                "f 5668 0.42912447030621076 0.2143294072528029 0.3565461224409863",
                "f 5670 0.42422599999999966 0.009296000000000205 0.5664780000000001",
                "f 2370 0.5816720000000004 0.133887999999999 0.2844400000000005",
                "f 5670 0.7657316849153862 0.03610795733384828 0.19816035775076546",
                "f 5670 0.5015720000000006 0.4896499999999996 0.008777999999999836",
                "f 1784 0.36977800000000083 0.013412999999999663 0.6168089999999995",
                "f 1657 0.08450847848597665 0.6492022788454381 0.2662892426685852",
                "f 1724 0.9331295707386642 0.03696888995433341 0.02990153930700232",
                "f 1724 0.10607657073866236 0.6496908899543334 0.2442325393070042",
                "f 1727 0.1674714339026398 0.3424384301453153 0.4900901359520449",
                "f 1736 0.783986 0.052418999999997946 0.16359500000000204",
                "f 1740 0.44313799999999887 0.1535989999999989 0.4032630000000022",
                "f 1740 0.35692199999999946 0.5389589999999999 0.1041190000000007",
                "f 1736 0.3124430000000006 0.6819350000000003 0.005621999999999134",
                "f 1392 0.23854099999999967 0.13691099999999956 0.6245480000000008",
                "f 1397 0.6387089999999997 0.029409000000000438 0.33188199999999973",
                "f 1410 0.024728260318411577 0.04894318675642466 0.9263285529251638",
                "f 1394 0.34012000000000076 0.47509300000000004 0.18478699999999929",
                "f 1396 0.016088000000000748 0.9654689999999995 0.018442999999999786",
                "f 1803 0.6272079999999998 0.31656600000000096 0.05622599999999926",
                "f 2004 0.5313907525541686 0.02130033598898925 0.44730891145684215",
                "f 1751 0.07894522332123367 0.905949529843563 0.015105246835203302",
                "f 1748 0.21647499999999972 0.5601210000000005 0.22340399999999974",
                "f 1740 0.06202399999999997 0.42825999999999964 0.5097160000000004",
                "f 1738 0.5460669999999981 0.2742650000000002 0.17966800000000166",
                "f 1789 0.025456337248079275 0.2612799362214248 0.7132637265304959",
                "f 1800 0.5839559999999993 0.08693500000000094 0.3291089999999998",
                "f 1789 0.34229800000000027 0.29779400000000056 0.3599079999999992",
                "f 1959 0.14925599999999992 0.7716639999999988 0.07908000000000129",
                "f 2006 0.4413319999999999 0.5002580000000002 0.058409999999999886",
                "f 1411 0.18517700000000004 0.2984100000000009 0.516412999999999",
                "f 1725 0.24963099999999971 0.6187429999999998 0.13162600000000046",
                "f 1745 0.31318054707908993 0.2500821598634033 0.43673729305750675",
                "f 1410 0.7986527396815877 0.1854288132435764 0.01591844707483589",
                "f 1408 0.138838519141667 0.2849547011162942 0.5762067797420388",
                "f 1400 0.4395890000000003 0.06678899999999997 0.4936219999999997",
                "f 1400 0.6385890000000003 0.33449699999999966 0.026914000000000084",
                "f 1396 0.005401000000000211 0.13405200000000073 0.8605469999999991",
                "f 1410 0.26905000000000107 0.3442279999999992 0.38672199999999973",
                "f 1400 0.09385799999999922 0.1667449999999997 0.7393970000000011",
                "f 1536 0.5885480000000012 0.0934549999999993 0.3179969999999996",
                "f 1395 0.6780720000000008 0.21568999999999933 0.10623799999999993",
                "f 1395 0.19416700000000003 0.37004500000000046 0.43578799999999956",
                "f 1736 0.5688699999999992 0.352957000000001 0.07817299999999976",
                "f 1394 0.11789576713167504 0.19221044954719677 0.6898937833211282",
                "f 1402 0.8325630000000004 0.011967999999999472 0.15546900000000022",
                "f 1400 0.33111800000000063 0.4193540000000009 0.24952799999999847",
                "f 1470 0.10596500000000031 0.0648539999999995 0.8291810000000002",
                "f 1471 0.7072499999999982 0.026326000000000772 0.2664240000000011",
                "f 1387 0.25554800000000033 0.22676699999999914 0.5176850000000005",
                "f 1475 0.2939679999999999 0.1211910000000001 0.584841",
                "f 1460 0.18016799999999977 0.6240510000000004 0.19578099999999987",
                "f 1386 0.14919400000000083 0.6854729999999999 0.16533299999999929",
                "f 1385 0.20626099999999858 0.08887999999999999 0.7048590000000015",
                "f 1387 0.7360969999999993 0.17360200000000053 0.09030100000000019",
                "f 1480 0.5520083267471296 0.1302290285942128 0.3177626446586575",
                "f 1403 0.30439499999999853 0.39826800000000095 0.2973370000000005",
                "f 1402 0.025093999999999617 0.2833349999999991 0.6915710000000013",
                "f 1481 0.34195500000000045 0.291512999999999 0.3665320000000005",
                "f 1483 0.6554450131738527 0.16367807201738085 0.1808769148087664",
                "f 1474 0.14511400000000058 0.5018049999999996 0.3530809999999998",
                "f 1469 0.5664250000000012 0.418359 0.015215999999998876",
                "f 1471 0.7074479999999985 0.2851260000000005 0.007426000000000993",
                "f 1473 0.04392900000000033 0.219047 0.7370239999999997",
                "f 1470 0.5379545125719442 0.4415031575817098 0.020542329846345925",
                "f 1473 0.22641000000000044 0.3033659999999997 0.47022399999999986",
                "f 1475 0.13351299999999977 0.6053759999999991 0.2611110000000011",
                "f 1475 0.27836600000000034 0.4058590000000002 0.3157749999999995",
                "f 1475 0.4642682297574182 0.25953444523853497 0.2761973250040468",
                "f 1472 0.054054000000000824 0.10143499999999867 0.8445110000000006",
                "f 1474 0.010961999999998473 0.27971500000000155 0.709323",
                "f 1393 0.2036649999999991 0.1953760000000003 0.6009590000000006",
                "f 1386 0.38285699999999967 0.5972900000000008 0.01985299999999959",
                "f 1393 0.19962099999999983 0.02208599999999964 0.7782930000000006",
                "f 1394 0.07791100000000026 0.8145100000000004 0.10757899999999934",
                "f 1385 0.15022400000000008 0.3953479999999998 0.4544280000000001",
                "f 1385 0.4373379999999995 0.2969370000000001 0.2657250000000004",
                "f 1386 0.1514270000000017 0.8335429999999986 0.015029999999999702",
                "f 1385 0.7272290000000009 0.21101800000000018 0.06175299999999896",
                "f 1387 0.482325000000001 0.17291699999999915 0.3447579999999999",
                "f 1387 0.2123249999999996 0.5521959999999997 0.23547900000000072",
                "f 1385 0.48597699999999844 0.002440000000000303 0.5115830000000012",
                "f 1480 0.7732019999999996 0.18662100000000004 0.040177000000000344",
                "f 1384 0.4491607480621653 0.39981910707244134 0.1510201448653934",
                "f 1401 0.6165199999999993 0.31951600000000097 0.06396399999999966",
                "f 1403 0.08210399999999862 0.23150500000000107 0.6863910000000003",
                "f 1400 0.026049999999999796 0.4926780000000007 0.4812719999999995",
                "f 1403 0.7858970000000005 0.1382280000000001 0.07587499999999939",
                "f 1401 0.21064300000000025 0.21294600000000027 0.5764109999999995",
                "f 1408 0.6340735191416667 0.08896170111629388 0.2769647797420394",
                "f 1402 0.5020109999999993 0.0814550000000001 0.4165340000000007",
                "f 1402 0.3186030000000005 0.5272769999999992 0.15412000000000028",
                "f 1483 0.017117999999998884 0.8129209999999996 0.16996100000000156",
                "f 1481 0.14019914438015518 0.5168556653708114 0.3429451902490334",
                "f 1483 0.005540999999999796 0.6094409999999998 0.3850180000000004",
                "f 1480 0.1721829999999992 0.5414870000000009 0.28632999999999986",
                "f 1480 0.007292999999999772 0.07705799999999983 0.9156490000000004",
                "f 1483 0.04024200000000111 0.30170299999999906 0.6580549999999998",
                "f 1481 0.5894780000000006 0.03679100000000008 0.3737309999999992",
                "f 1474 0.07789449324696318 0.18255750489163938 0.7395480018613975",
                "f 1460 0.30817099999999964 0.6347110000000007 0.0571179999999997",
                "f 1469 0.24099799999999974 0.6998379999999998 0.05916400000000041",
                "f 1469 0.180423846328292 0.4770390838919886 0.3425370697797193",
                "f 1469 0.18547300000000033 0.2650399999999999 0.5494869999999997",
                "f 1474 0.37781100000000006 0.24872499999999936 0.3734640000000005",
                "f 1470 0.4022449999999999 0.5667259999999997 0.031029000000000372",
                "f 1471 0.7105020000000005 0.11989299999999968 0.1696049999999998",
                "f 1475 0.09675677024258145 0.0819135547614635 0.821329674995955",
                "f 1470 0.1773140000000001 0.6944869999999991 0.1281990000000008",
                "f 1469 0.22625615367170837 0.019383916108011535 0.7543599302202801",
                "f 1469 0.6515930000000006 0.24269000000000082 0.10571699999999849",
                "f 1461 0.8530300000000001 0.026356999999999874 0.12061300000000004",
                "f 1475 0.03660799999999965 0.9160289999999979 0.04736300000000248",
                "f 1463 0.5452859999999987 0.4099910000000009 0.04472300000000035",
                "f 1463 0.6719010000000016 0.3072239999999989 0.020874999999999554",
                "f 1461 0.5818410000000012 0.29479200000000044 0.12336699999999842",
                "f 1473 0.44626900000000075 0.13292399999999935 0.4208069999999999",
                "f 1473 0.10885800000000045 0.2947449999999998 0.5963969999999997",
                "f 1474 0.27598250675303726 0.7167974951083592 0.007219998138603516",
                "f 1474 0.4965105067530365 0.3879314951083601 0.11555799813860339",
                "f 1474 0.649049 0.3387319999999997 0.012219000000000283",
                "f 1473 0.2228759999999994 0.007237000000001203 0.7698869999999994",
                "f 1473 0.3155180000000005 0.014669999999999808 0.6698119999999996",
                "f 1475 0.4516552297574171 0.4146834452385353 0.13366132500404762",
                "f 1475 0.28265822975741806 0.2615554452385353 0.4557863250040466",
                "f 1475 0.09286999999999901 0.2565599999999985 0.6505700000000024",
                "f 1475 0.3962080000000009 0.5603140000000003 0.043477999999998795",
                "f 1475 0.21027299999999993 0.47879999999999956 0.3109270000000005",
                "f 1392 0.4153857165877345 0.2644947803529926 0.32011950305927284",
                "f 1395 0.4427790000000002 0.29489299999999957 0.26232800000000017",
                "f 317 0.5286324548255708 0.3243508398721083 0.14701670530232105",
                "f 339 0.9557986044266018 0.037699722958647944 0.006501672614750171",
                "f 337 0.4442215962910949 0.3861514496028178 0.16962695410608727",
                "f 336 0.37603600000000054 0.6169679999999983 0.0069960000000011706",
                "f 336 0.200159727389551 0.2583043217770393 0.5415359508334097",
                "f 605 0.6470986267220722 0.15529334975135872 0.1976080235265692",
                "f 607 0.35879100000000047 0.3212629999999997 0.3199459999999999",
                "f 473 0.09381900000000032 0.4124949999999998 0.49368599999999985",
                "f 473 0.6608220000000005 0.13613799999999976 0.20303999999999972",
                "f 606 0.2128669999999995 0.7638459999999996 0.023287000000000915",
                "f 319 0.16971899999999884 0.21065800000000046 0.6196230000000007",
                "f 318 0.0703270000000017 0.24619500000000036 0.6834779999999979",
                "f 340 0.489835 0.08830599999999982 0.4218590000000002",
                "f 483 0.3475979999999985 0.34694100000000166 0.30546099999999976",
                "f 338 0.31901500000000044 0.511646999999999 0.1693380000000006",
                "f 482 0.1346850000000011 0.5195759999999996 0.3457389999999993",
                "f 483 0.06620700000000057 0.5512619999999994 0.38253100000000007",
                "f 426 0.11076108388025141 0.01321813297999933 0.8760207831397493",
                "f 408 0.7016329999999988 0.08600699999999915 0.21236000000000194",
                "f 337 0.17796100000000092 0.12714699999999754 0.6948920000000015",
