{
    "data": [
        {
            "name": "objShapefingers",
            "contactPoints": [
                "f 1464 0.1879015501886795 0.22810185377472972 0.5839965960365908",
                "f 1465 0.8018470000000002 0.16521100000000014 0.03294199999999967",
                "f 1463 0.2365240000000002 0.6669119999999994 0.0965640000000004",
                "f 1467 0.5830519999999996 0.2339309999999999 0.18301700000000054",
                "f 1464 0.13284644981132146 0.7013811462252701 0.1657724039634084",
                "f 1467 0.5139479999999998 0.06279800000000009 0.423254",
                "f 1463 0.22982000000000036 0.3273969999999996 0.44278300000000004",
                "f 1463 0.21095699999999962 0.08390700000000027 0.7051360000000001",
                "f 1462 0.8213660000000005 0.16041000000000033 0.018223999999999154",
                "f 1462 0.16699600000000042 0.611968 0.22103599999999962",
                "f 1462 0.23781300000000025 0.7345129999999999 0.027673999999999893",
                "f 1462 0.7470429972849091 0.03623776019926619 0.2167192425158247",
                "f 3349 0.3497949999999993 0.5056010000000005 0.14460400000000018",
                "f 3217 0.1633719999999994 0.36004000000000086 0.4765879999999998",
                "f 3294 0.5129980000000008 0.009680999999999464 0.47732099999999966",
                "f 3302 0.5906488526477913 0.19957886806686356 0.2097722792853451",
                "f 1462 0.5072620000000005 0.2974439999999998 0.1952939999999997",
                "f 1462 0.07232700000000036 0.3836700000000004 0.5440029999999992",
                "f 1449 0.10824000000000032 0.8668439999999996 0.024916000000000063",
                "f 1018 0.19831100000000046 0.38624099999999967 0.41544799999999993",
                "f 1087 0.21279199999999987 0.10414899999999994 0.6830590000000002",
                "f 1062 0.026347999999999844 0.7378250000000003 0.23582699999999987",
                "f 1087 0.47172599999999987 0.4209350000000003 0.10733899999999988",
                "f 1087 0.7092050000000001 0.10476199999999988 0.18603300000000006",
                "f 1085 0.8245196122573901 0.14145735031538864 0.03402303742722118",
                "f 1060 0.43201 0.08282399999999997 0.485166",
                "f 1062 0.15537399999999957 0.3412850000000002 0.5033410000000001",
                "f 1062 0.37952399999999986 0.5328439999999999 0.08763200000000025",
                "f 1046 0.091444 0.8729289999999997 0.035627000000000277",
                "f 1063 0.14290900000000029 0.10195300000000006 0.7551379999999996",
                "f 2862 0.4019819999999992 0.4742400000000001 0.12377800000000075",
                "f 2861 0.0011610000000000786 0.05771700000000006 0.9411219999999999",
                "f 1046 0.18923000000000006 0.4911499999999997 0.3196200000000002",
                "f 2734 0.781376 0.08585500000000022 0.13276899999999983",
                "f 2731 0.1477279999999997 0.5690299999999998 0.2832420000000005",
                "f 2704 0.007657999999999943 0.028806000000000057 0.963536",
                "f 2730 0.05743435589773238 0.2950579070313636 0.647507737070904",
                "f 3213 0.27527928385331385 0.41802902149938925 0.3066916946472969",
                "f 3215 0.21033699999999933 0.1390759999999995 0.6505870000000011",
                "f 1063 0.3862469999999999 0.550202 0.06355100000000016",
                "f 1060 0.123559 0.7325569999999997 0.14388400000000032",
                "f 1063 0.23421000000000003 0.3294839999999999 0.4363060000000001",
                "f 2717 0.30686500000000005 0.18981699999999987 0.503318",
                "f 2717 0.6734790000000002 0.12257199999999994 0.2039489999999999",
                "f 1061 0.18110999999999988 0.283258 0.5356320000000001",
                "f 2861 0.3059730000000003 0.4588500000000002 0.2351769999999995",
                "f 2717 0.029513864490852693 0.180297272759341 0.7901888627498063",
                "f 1085 0.41396800000000045 0.5095939999999997 0.0764379999999999",
                "f 2718 0.538265 0.06749500000000007 0.39423999999999987",
                "f 3292 0.19814300000000024 0.6782379999999998 0.12361899999999999",
                "f 1023 0.02512700000000012 0.3614629999999999 0.61341",
                "f 1023 0.39524800000000004 0.18184899999999968 0.42290300000000025",
                "f 1024 0.053603999999999874 0.3946159999999996 0.5517800000000005",
                "f 1021 0.07225099999999984 0.6699250000000001 0.25782400000000005",
                "f 1062 0.311600551952377 0.007723914014104802 0.6806755340335182",
                "f 1046 0.26877099999999987 0.11185600000000043 0.6193729999999997",
                "f 965 0.34793556978359297 0.47663470360314564 0.17542972661326137",
                "f 1020 0.027656000000000625 0.7240089999999995 0.24833499999999992",
                "f 966 0.2762929999999998 0.5304680000000005 0.19323899999999972",
                "f 1009 0.19400600000000012 0.7007840000000001 0.1052099999999998",
                "f 1024 0.666239 0.040993000000000425 0.29276799999999964",
                "f 966 0.050401228550414595 0.759938874347583 0.1896598971020024",
                "f 3223 0.05510900000000085 0.012897999999999174 0.931993",
                "f 3220 0.6835709999999998 0.10260499999999971 0.21382400000000043",
                "f 1009 0.40579799999999977 0.1624820000000002 0.43172",
                "f 1009 0.0788335638033274 0.4035035140871805 0.517662922109492",
                "f 1011 0.38336464513741797 0.5244188753536436 0.09221647950893844",
                "f 3219 0.38522599999999974 0.16085100000000044 0.45392299999999985",
                "f 3665 0.7827503397765623 0.05761901455706839 0.15963064566636928",
                "f 1568 0.9164129999999998 0.07093099999999894 0.012656000000001248",
                "f 3226 0.5653699999999995 0.09715800000000005 0.3374720000000005",
                "f 3227 0.47314700000000004 0.03905199999999989 0.4878010000000001",
                "f 1533 0.16522799999999987 0.44553599999999965 0.3892360000000004",
                "f 1535 0.30008199999999985 0.364553 0.33536500000000014",
                "f 3665 0.28039299999999967 0.007644999999999887 0.7119620000000004",
                "f 1077 0.622168 0.2803279999999998 0.0975040000000001",
                "f 1076 0.2567940000000002 0.6152599999999995 0.1279460000000003",
                "f 1097 0.6256290000000003 0.057825999999999766 0.31654499999999997",
                "f 3194 0.9701270000000003 0.02120299999999986 0.008669999999999872",
                "f 3731 0.10836500000000038 0.27436200000000005 0.6172729999999996",
                "f 1015 0.9012590000000005 0.023436999999999666 0.07530399999999982",
                "f 1089 0.9305396069465246 0.05729734393488708 0.01216304911858831",
                "f 1090 0.20091000000000006 0.6262900000000001 0.17279999999999981",
                "f 1012 0.20315667805165308 0.6077106860690211 0.1891326358793258",
                "f 1012 0.375323 0.20678299999999977 0.41789400000000027",
                "f 1012 0.18911032194834665 0.16263231393097916 0.6482573641206743",
                "f 1015 0.4090979999999997 0.3734180000000003 0.21748400000000007",
                "f 1015 0.6745756842471844 0.17894688969738287 0.1464774260554327",
                "f 1012 0.025695000000000134 0.13081000000000018 0.8434949999999997",
                "f 1016 0.5208970000000005 0.37784599999999957 0.10125699999999994",
                "f 1015 0.04384200000000016 0.6783790000000001 0.2777789999999998",
                "f 1015 0.3134750000000003 0.15171499999999968 0.53481",
                "f 2845 0.02910899999999972 0.10547799999999986 0.8654130000000004",
                "f 2847 0.4202780000000003 0.20886999999999972 0.370852",
                "f 1014 0.09939300000000029 0.17283400000000007 0.7277729999999997",
                "f 1011 0.18651900000000005 0.3902470000000001 0.42323399999999983",
                "f 1011 0.14292600000000028 0.803909 0.05316499999999973",
                "f 1014 0.7301963801065297 0.05036205194457289 0.21944156794889744",
                "f 1010 0.18058600000000014 0.13368700000000022 0.6857269999999996",
                "f 2746 0.12290599999999999 0.6353659999999999 0.24172800000000014",
                "f 2752 0.12540416845240365 0.22645507199946427 0.6481407595481321",
                "f 1010 0.716563 0.21742099999999998 0.06601600000000012",
                "f 1461 0.11370800000000042 0.650593 0.2356989999999996",
                "f 1463 0.7541609999999999 0.19159700000000013 0.05424200000000002",
                "f 997 0.44034069526614167 0.4103232150533121 0.1493360896805463",
                "f 978 0.08138671739035652 0.4522244301470107 0.46638885246263284",
                "f 978 0.4498219999999998 0.5126539999999998 0.03752400000000038",
                "f 1069 0.02122137031796517 0.6979887101200388 0.280789919561996",
                "f 2731 0.42047599999999996 0.10030399999999955 0.47922000000000053",
                "f 2728 0.5688710000000003 0.09258699999999973 0.33854199999999995",
                "f 2707 0.3266939999999997 0.12534300000000007 0.5479630000000002",
                "f 2706 0.0005610000000003806 0.9114859999999996 0.08795300000000005",
                "f 1464 0.37915999999999933 0.3591300000000007 0.26170999999999994",
                "f 912 0.3270619999999997 0.18926400000000027 0.483674",
                "f 912 0.07439199999999979 0.5808980000000006 0.34470999999999963",
                "f 912 0.3120220000000002 0.5129720000000004 0.17500599999999938",
                "f 915 0.7063960000000004 0.16701299999999986 0.12659099999999976",
                "f 1467 0.9075998160916066 0.0143661090783358 0.0780340748300577",
                "f 1462 0.5782859972849086 0.4145207601992666 0.007193242515824806",
                "f 1462 0.41349800271509074 0.07189823980073365 0.5146037574841756",
                "f 1087 0.01100143903493589 0.3939170278626466 0.5950815331024175",
                "f 1084 0.31511499999999976 0.21698199999999998 0.46790300000000024",
                "f 1063 0.11671099999999986 0.7761719999999999 0.10711700000000028",
                "f 2558 0.19677600000000017 0.15882799999999997 0.6443959999999999",
                "f 1085 0.5046930000000002 0.20182199999999983 0.293485",
                "f 2538 0.12717999999999963 0.22768800000000028 0.645132",
                "f 2517 0.037632000000001165 0.6511859999999996 0.31118199999999924",
                "f 2547 0.5974850000000006 0.09660999999999971 0.30590499999999965",
                "f 2547 0.32048900000000047 0.3607509999999999 0.3187599999999997",
                "f 1060 0.463091 0.44130600000000003 0.09560300000000005",
                "f 1062 0.5973649999999999 0.13881699999999994 0.2638180000000001",
                "f 904 0.14215184786459167 0.5474534105170031 0.3103947416184052",
                "f 906 0.19534399999999955 0.6459920000000006 0.1586639999999999",
                "f 907 0.11963162573033143 0.3857656998920991 0.4946026743775695",
                "f 2734 0.09161100000000033 0.28338800000000053 0.6250009999999991",
                "f 2730 0.4991336441022677 0.1640830929686367 0.33678326292909555",
                "f 907 0.10520337426966841 0.11868630010790088 0.7761103256224308",
                "f 906 0.7328529999999999 0.049597999999999996 0.2175490000000001",
                "f 2718 0.8905233021801291 0.0050232398730775795 0.10445345794679331",
                "f 2718 0.25719969781987095 0.07034376012692264 0.6724565420532064",
                "f 2553 0.33967700000000023 0.5054079999999995 0.15491500000000027",
                "f 2547 0.025854999999998962 0.6400760000000006 0.3340690000000004",
                "f 3726 0.38510399999999984 0.2720609999999999 0.3428350000000003",
                "f 3726 0.40796399999999944 0.4676780000000002 0.12435800000000033",
                "f 2553 0.12615199999999982 0.12520900000000013 0.748639",
                "f 1024 0.3192102370797143 0.2624284358199582 0.4183613271003275",
                "f 965 0.07821099999999995 0.7103760000000002 0.21141299999999982",
                "f 1012 0.7830309999999999 0.04961499999999964 0.16735400000000045",
                "f 905 0.09713899999999942 0.05637700000000019 0.8464840000000003",
                "f 905 0.5634040000000002 0.1079089999999998 0.32868699999999995",
                "f 907 0.1336476257303316 0.6593506998920984 0.20700167437757003",
                "f 2546 0.1871210000000001 0.3691459999999997 0.44373300000000016",
                "f 913 0.691925 0.16261100000000017 0.14546399999999982",
                "f 1009 0.15526700000000004 0.17147199999999957 0.6732610000000003",
                "f 2552 0.1584719358289155 0.5587732142012853 0.28275484996979916",
                "f 905 0.07405370803449957 0.6377363639017658 0.28820992806373463",
                "f 886 0.1081730000000003 0.47362299999999974 0.418204",
                "f 1044 0.48294000000000026 0.17105999999999982 0.346",
                "f 1041 0.03413299999999958 0.6752170000000002 0.29065000000000024",
                "f 1041 0.4697380000000006 0.21445399999999976 0.3158079999999997",
                "f 1012 0.019579000000000235 0.5121609999999999 0.4682599999999999",
                "f 1014 0.5518253801065293 0.38786705194457327 0.06030756794889747",
                "f 1010 0.3313050000000003 0.575275 0.09341999999999973",
                "f 997 0.09524669526614227 0.5171612150533125 0.38759208968054526",
                "f 2728 0.2241200000000002 0.007834999999999911 0.7680449999999999",
                "f 912 0.6765319251455292 0.21179277433296767 0.11167530052150307",
                "f 906 0.06968599999999975 0.5049000000000006 0.4254139999999997",
                "f 912 0.10154400000000005 0.839738 0.05871799999999996",
                "f 906 0.32394699999999993 0.21286099999999997 0.4631920000000001",
                "f 912 0.536152 0.11781399999999989 0.3460340000000002",
                "f 886 0.2858280000000004 0.07230399999999997 0.6418679999999997",
                "f 841 0.015685000000000282 0.708445 0.2758699999999997",
                "f 841 0.21140999999999965 0.1697580000000007 0.6188319999999996",
                "f 841 0.3768460000000004 0.5234459999999994 0.09970800000000017",
                "f 889 0.041974999999999874 0.36557699999999926 0.5924480000000009",
                "f 843 0.6750697460198158 0.1521925256806244 0.17273772829955963",
                "f 2545 0.10879200000000008 0.6512960000000001 0.23991199999999982",
                "f 907 0.6777939999999999 0.1315560000000001 0.19065000000000001",
                "f 906 0.45637500000000003 0.3604960000000001 0.18312899999999982",
                "f 3727 0.02862700000000057 0.9331259999999996 0.038246999999999864",
                "f 2553 0.34577300000000033 0.2512089999999997 0.403018",
                "f 905 0.2760340000000006 0.2825529999999997 0.44141299999999967",
                "f 840 0.228672 0.243882 0.5274460000000001",
                "f 843 0.41552200000000017 0.04263999999999983 0.541838",
                "f 843 0.31223999999999985 0.3352530000000006 0.35250699999999957",
                "f 840 0.0034281890002383353 0.21817068911923554 0.7784011218805261",
                "f 1041 0.6269909999999994 0.32452600000000015 0.048483000000000526",
                "f 906 0.13788559164628578 0.048586162776623955 0.8135282455770902",
                "f 843 0.5502472539801853 0.4331414743193763 0.0166112717004385",
                "f 840 0.23327799999999999 0.04083199999999994 0.72589",
                "f 843 0.14303999999999983 0.29088300000000006 0.5660770000000002",
                "f 842 0.031116000000000227 0.8683589999999998 0.100525",
                "f 842 0.1049157223339659 0.40547129345287497 0.4896129842131591",
                "f 953 0.722934105625366 0.1862180148224927 0.09084787955214138",
                "f 955 0.5094990000000006 0.06910299999999991 0.42139799999999955",
                "f 1043 0.6891009999999997 0.2678620000000005 0.04303699999999973",
                "f 841 0.002875000000000183 0.06123100000000003 0.9358939999999998",
                "f 843 0.16689999999999977 0.6929490000000003 0.14015099999999997",
                "f 843 0.014696746019814744 0.642812525680624 0.3424907282995613",
                "f 1043 0.7147029999999996 0.0642150000000002 0.2210820000000001",
                "f 842 0.39854799999999974 0.4415520000000007 0.15989999999999954",
                "f 1040 0.4625699999999985 0.3340930000000008 0.20333700000000063",
                "f 1040 0.16469820553784975 0.5923266719267857 0.24297512253536457",
                "f 842 0.06479700000000044 0.6594559999999992 0.2757470000000004",
                "f 964 0.7891300000000001 0.0914579999999997 0.11941200000000024",
                "f 953 0.1308201056253655 0.8556100148224921 0.013569879552142387",
                "f 840 0.05030300000000021 0.0008909999999998317 0.9488059999999999",
                "f 842 0.7590619999999999 0.21853500000000026 0.022402999999999812",
                "f 842 0.4399079999999998 0.13772399999999999 0.42236800000000024",
                "f 953 0.24533099999999958 0.413916000000001 0.34075299999999936",
                "f 952 0.15465914317664248 0.6666264316522443 0.1787144251711132",
                "f 955 0.6966210000000004 0.16523400000000008 0.13814499999999952",
                "f 953 0.4115259999999997 0.00871300000000049 0.5797609999999997",
                "f 3221 0.22757899999999967 0.5951059999999995 0.17731500000000086",
                "f 3294 0.015370000000000883 0.12111799999999948 0.8635119999999996",
                "f 3214 0.29373315087109175 0.0685824564084589 0.6376843927204493",
                "f 3302 0.20370999999999928 0.2757269999999996 0.5205630000000011",
                "f 3294 0.11229499999999931 0.4505210000000005 0.4371840000000002",
                "f 912 0.15493599999999974 0.19823400000000024 0.64683",
                "f 2863 0.49159899999999973 0.4122750000000001 0.09612600000000009",
                "f 2864 0.06431200000000004 0.6784579999999998 0.2572300000000002",
                "f 2863 0.11567299999999925 0.1015470000000007 0.78278",
                "f 3215 0.06920699999999977 0.7447139999999997 0.18607900000000058",
                "f 2866 0.30479200000000023 0.40143400000000007 0.2937739999999997",
                "f 2866 0.4580030000000002 0.04700299999999997 0.49499399999999977",
                "f 3213 0.570228 0.347701 0.08207100000000006",
                "f 3217 0.7066650000000011 0.2847579999999997 0.00857699999999928",
                "f 3214 0.4685119999999999 0.4111089999999995 0.12037900000000064",
                "f 3215 0.6296913134432092 0.09235703225531013 0.27795165430148067",
                "f 3215 0.3958360000000001 0.36196799999999973 0.2421960000000002",
                "f 2861 0.10428900000000052 0.2852669999999998 0.6104439999999997",
                "f 3744 0.1770908238749644 0.5627546498376197 0.2601545262874159",
                "f 2861 0.2251519999999994 0.7487520000000011 0.026095999999999505",
                "f 3295 0.0027409999999995494 0.22615100000000074 0.7711079999999997",
                "f 2866 0.07023700000000005 0.7802219999999996 0.1495410000000003",
                "f 3292 0.3912606418871002 0.14130891412063992 0.46743044399225986",
                "f 3305 0.4954514396192905 0.038434197031688225 0.46611436334902123",
                "f 2865 0.003893999999999842 0.28191199999999994 0.7141940000000002",
                "f 3294 0.388027 0.5850709999999991 0.026902000000000877",
                "f 3295 0.014403999999999618 0.937969 0.04762700000000033",
                "f 3295 0.6892434056298007 0.248279516309311 0.06247707806088832",
                "f 3223 0.26393900000000026 0.5784539999999997 0.15760700000000008",
                "f 3223 0.5977459999999994 0.206981 0.19527300000000058",
                "f 3220 0.1775986775365454 0.7765562525758313 0.04584506988762333",
                "f 3220 0.31855232246345544 0.09720674742416957 0.584240930112375",
                "f 3222 0.08079906308908921 0.8441787939454892 0.07502214296542156",
                "f 3222 0.6147909999999995 0.03613800000000032 0.34907100000000013",
                "f 3219 0.443364 0.46987400000000046 0.08676199999999953",
                "f 3218 0.3094789999999997 0.4228770000000001 0.2676440000000001",
                "f 3198 0.012768390366616589 0.09545652894370761 0.8917750806896758",
                "f 3227 0.573169 0.40511200000000025 0.02171899999999974",
                "f 1571 0.9041750000000016 0.01196899999999972 0.08385599999999871",
                "f 1568 0.42135081582279443 0.36702053306741694 0.2116286511097886",
                "f 3665 0.3665110000000001 0.5979690000000003 0.03551999999999962",
                "f 3226 0.3867959999999991 0.5879260000000004 0.0252780000000005",
                "f 3664 0.6566549999999994 0.2781179999999987 0.06522700000000178",
                "f 3664 0.4031600000000002 0.22703100000000018 0.3698089999999996",
                "f 3226 0.19438299999999986 0.318953 0.4866640000000001",
                "f 3227 0.6749641047262607 0.03481658369889751 0.2902193115748419",
                "f 3224 0.3254030000000025 0.39191599999999904 0.28268099999999846",
                "f 3227 0.3203240000000004 0.39978199999999947 0.2798940000000002",
                "f 3227 0.1654760000000005 0.21961299999999936 0.6149110000000001",
                "f 3224 0.695261 0.025791000000000116 0.27894799999999986",
                "f 1533 0.27588799999999986 0.6940339999999993 0.030078000000000896",
                "f 1533 0.4592254302273976 0.4025698471748927 0.1382047225977098",
                "f 3224 0.13118800000000075 0.0024729999999997068 0.8663389999999995",
                "f 3224 0.2452979999999988 0.20717300000000058 0.5475290000000006",
                "f 1533 0.6526904302273978 0.08396784717489368 0.2633417225977085",
                "f 3664 0.1241960000000002 0.16807300000000064 0.7077309999999992",
                "f 1534 0.3018679999999998 0.653483 0.04464900000000017",
                "f 1533 0.331159 0.14106100000000027 0.5277799999999997",
                "f 3665 0.5296099999999997 0.01999099999999881 0.4503990000000015",
                "f 3665 0.15025000000000027 0.5630849999999998 0.2866649999999999",
                "f 3666 0.838493 0.1570199999999999 0.004487000000000018",
                "f 1535 0.5502290000000007 0.05337099999999984 0.39639999999999936",
                "f 3666 0.5502666994930262 0.20585548654209448 0.24387781396487926",
                "f 3665 0.03100399999999981 0.006471999999999838 0.9625240000000004",
                "f 1550 0.09432699999999983 0.10341799999999911 0.802255000000001",
                "f 1550 0.08279800000000104 0.44916099999999937 0.4680409999999996",
                "f 1079 0.9103049999999999 0.05265100000000003 0.03704400000000011",
                "f 1099 0.19123989926301416 0.3910105536611474 0.4177495470758384",
                "f 1099 0.5341149999999997 0.012032000000000103 0.45385300000000023",
                "f 1097 0.2619500794842705 0.013026665870303192 0.7250232546454263",
                "f 2842 0.0103672937030449 0.28087339096746844 0.7087593153294867",
                "f 1077 0.3856862914295326 0.4970422072745 0.1172715012959674",
                "f 1089 0.21209699999999942 0.19368100000000038 0.5942220000000001",
                "f 2742 0.7213999999999998 0.10096499999999992 0.17763500000000015",
                "f 2743 0.02139599999999975 0.14247099999999965 0.8361330000000006",
                "f 1088 0.10267200000000004 0.740001 0.15732699999999994",
                "f 1096 0.2919668913356822 0.4919941596138826 0.21603894905043516",
                "f 1096 0.03305700000000017 0.953676 0.013266999999999864",
                "f 1091 0.246389927254294 0.5499283672994713 0.20368170544623473",
                "f 2841 0.029083882670657868 0.7028244613756198 0.2680916559537223",
                "f 2841 0.1429870000000001 0.3032319999999999 0.553781",
                "f 2842 0.17121000000000025 0.789807 0.03898299999999971",
                "f 2844 0.003035741936510128 0.0858719454598812 0.9110923126036087",
                "f 2847 0.20048900000000092 0.6375130000000001 0.16199799999999898",
                "f 2853 0.8029180000000005 0.011707999999999342 0.1853740000000001",
                "f 1097 0.2861770000000001 0.6646169999999999 0.049205999999999986",
                "f 2745 0.5299683146919846 0.45060480286086246 0.019426882447153",
                "f 2746 0.561966 0.16182400000000002 0.2762100000000001",
                "f 2753 0.06521599999999939 0.6772189999999998 0.2575650000000008",
                "f 3728 0.8143147759797583 0.07120594939830907 0.11447927462193262",
                "f 1097 0.04046400000000011 0.5415209999999998 0.4180150000000001",
                "f 3192 0.1730349999999996 0.2650390000000002 0.5619260000000001",
                "f 2752 0.36958000000000024 0.3358069999999996 0.29461300000000024",
                "f 1078 0.3232839999999998 0.47248400000000046 0.20423199999999977",
                "f 1078 0.6482070000000003 0.1361999999999996 0.215593",
                "f 1071 0.0363719212130115 0.7489291724249961 0.21469890636199238",
                "f 1461 0.477274 0.2821860000000005 0.2405399999999995",
                "f 1078 0.06838800000000037 0.7303010000000001 0.20131099999999955",
                "f 1465 0.11638500000000032 0.6372340000000004 0.24638099999999927",
                "f 1076 0.5137410000000002 0.29828699999999986 0.1879719999999999",
                "f 1071 0.3220409999999997 0.4767920000000001 0.20116700000000023",
                "f 1460 0.14944399999999963 0.592493 0.2580630000000003",
                "f 1465 0.5556999999999996 0.0837390000000003 0.3605610000000001",
                "f 1456 0.6554109999999996 0.0915350000000002 0.2530540000000002"
            ]
        },
        {
            "name": "objShapepalm",
            "contactPoints": [
                "f 2684 0.017737000000000558 0.5383890000000001 0.4438739999999993",
                "f 2685 0.513934905795258 0.18755983262924242 0.29850526157549956",
                "f 2653 0.22487899999999994 0.0733969999999998 0.7017240000000002",
                "f 2270 0.7203342433534486 0.25584245917091125 0.02382329747564021",
                "f 2685 0.08418299999999934 0.27542299999999975 0.6403940000000009",
                "f 2683 0.4492825338643851 0.5097555391314676 0.040961927004147275",
                "f 2277 0.3954689999999999 0.1984950000000002 0.4060359999999999",
                "f 2654 0.0734630000000005 0.09569499999999939 0.8308420000000001",
                "f 2297 0.38924600000000015 0.3591850000000001 0.25156899999999977",
                "f 2655 0.15588900000000083 0.26730799999999955 0.5768029999999996",
                "f 2686 0.21175771653621978 0.5120900255235508 0.27615225794022946",
                "f 2683 0.06643300000000019 0.26147499999999935 0.6720920000000005",
                "f 2692 0.6940207124519272 0.20795290935121669 0.09802637819685611",
                "f 2826 0.1229230000000002 0.6666240000000001 0.2104529999999997",
                "f 2682 0.003533000000001063 0.639990999999999 0.35647599999999996",
                "f 2557 0.08042500000000011 0.7266480000000002 0.1929269999999997",
                "f 2690 0.15077199999999988 0.6081599999999997 0.24106800000000042",
                "f 2860 0.24086156357559182 0.5606969050151928 0.19844153140921542",
                "f 2862 0.5078480000000005 0.4774169999999997 0.014734999999999705",
                "f 2729 0.07207800000000031 0.19612499999999986 0.7317969999999998",
                "f 2729 0.17629000000000047 0.5798969999999996 0.24381299999999997",
                "f 2689 0.020632999999999596 0.750994 0.22837300000000035",
                "f 2693 0.15232199999999996 0.27884899999999985 0.5688290000000001",
                "f 2811 0.30538262194242694 0.5292683656570472 0.16534901240052594",
                "f 2810 0.32782600000000006 0.2806019999999998 0.39157200000000014",
                "f 2840 0.2657430000000004 0.701676 0.03258099999999965",
                "f 2843 0.6093799999999998 0.3694660000000003 0.021153999999999902",
                "f 2840 0.4774974006422773 0.04286749722234679 0.47963510213537586",
                "f 2827 0.4728579999999997 0.4936520000000003 0.03348999999999997",
                "f 2279 0.03632099999999952 0.7174480000000004 0.24623100000000006",
                "f 2299 0.06334699999999971 0.6598480000000002 0.2768050000000001",
                "f 2697 0.037262949879053764 0.2640379989528472 0.698699051168099",
                "f 2696 0.3537339999999998 0.24096899999999993 0.4052970000000002",
                "f 2689 0.56549 0.32140599999999997 0.11310399999999993",
                "f 2860 0.618554 0.08313300000000018 0.29831299999999983",
                "f 2808 0.1604940000000002 0.7034519999999996 0.13605400000000017",
                "f 2733 0.5851287702830524 0.2080761687926449 0.20679506092430266",
                "f 2735 0.35924000000000017 0.14863099999999996 0.49212899999999987",
                "f 2812 0.8095589999999991 0.013953000000000815 0.17648800000000006",
                "f 2860 0.016520999999999453 0.290862 0.6926170000000006",
                "f 2559 0.2608290000000001 0.025396999999999774 0.7137740000000001",
                "f 2559 0.15447867990307598 0.6226837466670961 0.22283757342982788",
                "f 3724 0.19000899999999998 0.12266299999999952 0.6873280000000005",
                "f 3747 0.13171199999999994 0.6469480000000005 0.22133999999999954",
                "f 3745 0.5501031093643618 0.11507224469481823 0.33482464594081995",
                "f 2863 0.870893 0.10586500000000022 0.0232419999999998",
                "f 3746 0.1877030000000003 0.310534 0.5017629999999997",
                "f 2982 0.13835399999999987 0.09501200000000001 0.7666340000000001",
                "f 2270 0.3652209999999998 0.10209100000000006 0.5326880000000002",
                "f 3747 0.19574433455001317 0.09309847101469171 0.7111571944352951",
                "f 3744 0.4376129999999995 0.32004300000000035 0.24234400000000023",
                "f 2861 0.44103500000000023 0.060554999999999845 0.49840999999999996",
                "f 2863 0.43043599999999976 0.272881 0.2966830000000003",
                "f 2729 0.6453400000000001 0.07322699999999936 0.2814330000000005",
                "f 2693 0.6120670000000005 0.2710130000000002 0.11691999999999936",
                "f 2699 0.43491826823471075 0.2934935233614054 0.2715882084038839",
                "f 2857 0.1573229714220996 0.17120253798135796 0.6714744905965424",
                "f 3747 0.6645669999999999 0.012099999999999719 0.3233330000000004",
                "f 3264 0.20686933095485593 0.16115372508471668 0.6319769439604274",
                "f 2692 0.1492500000000001 0.2564399999999998 0.5943100000000001",
                "f 2694 0.2851330000000002 0.4323329999999997 0.2825340000000002",
                "f 2695 0.6383570000000003 0.13397899999999988 0.22766399999999984",
                "f 2728 0.13859882732768192 0.8589850337943116 0.0024161388780065056",
                "f 2695 0.25761174542995957 0.5721234660594965 0.17026478851054397",
                "f 2695 0.022801000000000515 0.3070089999999998 0.6701899999999996",
                "f 2694 0.2715230000000003 0.1463979999999999 0.5820789999999998",
                "f 3727 0.8492320000000003 0.0652129999999994 0.08555500000000026",
                "f 3725 0.6601480000000001 0.3225740000000002 0.017277999999999752",
                "f 3725 0.462809 0.36007500000000014 0.17711599999999983",
                "f 2858 0.40566628850810194 0.03970415689605914 0.554629554595839",
                "f 2687 0.1343240000000001 0.35849800000000004 0.5071779999999999",
                "f 2680 0.2972109201920576 0.576343458949481 0.1264456208584614",
                "f 2682 0.25239999999999996 0.1362530000000004 0.6113469999999996",
                "f 2688 0.02929499999999996 0.31619500000000006 0.65451",
                "f 2843 0.0912980000000001 0.22665399999999974 0.6820480000000002",
                "f 2733 0.12270500000000029 0.4941560000000004 0.38313899999999934",
                "f 2862 0.3880610000000001 0.0015299999999998247 0.6104090000000001",
                "f 2858 0.26779299999999984 0.6422500000000003 0.08995699999999986",
                "f 2859 0.10134102578023385 0.28799231816655374 0.6106666560532124",
                "f 2279 0.3052619999999999 0.0195310000000003 0.6752069999999998",
                "f 2296 0.13431358786404368 0.2699000063509368 0.5957864057850195",
                "f 2278 0.17822600000000022 0.3190989999999999 0.5026749999999999",
                "f 2298 0.5052740340053805 0.13388760756023477 0.3608383584343848",
                "f 2299 0.6191993885643152 0.22359924476425733 0.15720136667142748",
                "f 2811 0.10846662194242729 0.08183036565704718 0.8097030124005256",
                "f 2732 0.24922800000000012 0.723721 0.02705099999999994",
                "f 2735 0.63401 0.21928200000000003 0.14670800000000012",
                "f 2808 0.52096 0.4112990000000002 0.0677409999999998",
                "f 2732 0.41309899999999994 0.37133099999999974 0.21557000000000032",
                "f 2827 0.09217600000000004 0.08702599999999988 0.8207980000000001",
                "f 2728 0.46243800000000007 0.42614299999999994 0.11141899999999998",
                "f 2559 0.25896167990307545 0.335796746667096 0.4052415734298285",
                "f 2558 0.2628389999999998 0.4193150000000003 0.31784599999999985",
                "f 3724 0.2905070000000003 0.4759210000000001 0.23357199999999964",
                "f 2557 0.21802499999999925 0.029830000000000013 0.7521450000000007",
                "f 2697 0.2669619999999999 0.6393619999999999 0.0936760000000002",
                "f 2681 0.2313469999999998 0.5610540000000003 0.20759899999999992",
                "f 2691 0.32878300000000005 0.606213 0.06500399999999996",
                "f 2688 0.13579099999999994 0.8623839999999997 0.0018250000000003554",
                "f 2556 0.10198099999999949 0.8192490000000002 0.07877000000000028",
                "f 2557 0.7230710000000002 0.03127600000000014 0.24565299999999962",
                "f 2557 0.48921800000000015 0.36601500000000003 0.14476699999999984"
            ]
        },
        {
            "name": "objShapethumb",
            "contactPoints": [
                "f 1228 0.26067212275083895 0.1608854831012832 0.5784423941478779",
                "f 2276 0.35419300000000026 0.2549780000000001 0.3908289999999996",
                "f 2270 0.5851490000000006 0.34960399999999986 0.06524699999999967",
                "f 2263 0.2287449999999998 0.37839500000000015 0.39286000000000004",
                "f 2296 0.11454600000000031 0.6735759999999997 0.21187799999999996",
                "f 2261 0.20814703565251838 0.6682669328637091 0.12358603148377253",
                "f 2870 0.5854040714980563 0.16364611950406213 0.25094980899788155",
                "f 2237 0.28713399999999994 0.26196200000000036 0.4509039999999997",
                "f 2225 0.15021461282858276 0.8246043747085161 0.02518101246290114",
                "f 2276 0.152008 0.7819759999999997 0.06601600000000032",
                "f 2279 0.13496199999999992 0.4542149999999999 0.41082300000000016",
                "f 2277 0.31722671817413917 0.115138442005944 0.5676348398199168",
                "f 2299 0.5553159999999999 0.36998900000000035 0.07469499999999973",
                "f 2868 0.2495339999999996 0.24727099999999974 0.5031950000000006",
                "f 2265 0.007923000000000124 0.13184800000000008 0.8602289999999998",
                "f 2258 0.6687975678911001 0.27047096711502383 0.060731464993876036",
                "f 2250 0.04300364946693214 0.4209048630838447 0.5360914874492231",
                "f 2258 0.2197720000000008 0.5389819999999994 0.2412459999999998",
                "f 2257 0.6644680000000007 0.009850999999999954 0.3256809999999994",
                "f 2166 0.3342882442310196 0.4175344702526286 0.24817728551635182",
                "f 2256 0.10203099999999987 0.7586590000000001 0.13931000000000004",
                "f 1231 0.08038999999999996 0.08063600000000033 0.8389739999999997",
                "f 2250 0.5645539999999996 0.11926600000000005 0.3161800000000003",
                "f 2250 0.37495400000000034 0.5937399999999998 0.03130599999999986",
                "f 2251 0.33134500000000006 0.4010489999999998 0.2676060000000002",
                "f 2166 0.09413200000000013 0.8446330000000002 0.061234999999999686",
                "f 2251 0.5790519999999995 0.09617700000000015 0.3247710000000004",
                "f 2165 0.46447299999999964 0.32841499999999996 0.20711200000000046",
                "f 2165 0.2503179999999998 0.025093999999999627 0.7245880000000006",
                "f 2251 0.2318899999999997 0.041985999999999364 0.7261240000000009",
                "f 2872 0.22393627417961665 0.3731610661960738 0.40290265962430954",
                "f 2158 0.19944999999999932 0.6444560000000003 0.15609400000000043",
                "f 2158 0.0885450000000001 0.14285200000000006 0.7686029999999998",
                "f 2249 0.4672899999999995 0.14514499999999983 0.38756500000000066",
                "f 2248 0.4111099999999997 0.46270299999999986 0.12618700000000044",
                "f 3962 0.261134 0.08643199999999995 0.6524340000000001",
                "f 2249 0.22459200000000012 0.041851999999999244 0.7335560000000007",
                "f 2875 0.098973 0.7288630000000009 0.17216399999999907",
                "f 3962 0.17572599999999972 0.5081819999999998 0.3160920000000005",
                "f 3962 0.10803442607541194 0.8733509069701497 0.018614666954438343",
                "f 2268 0.527715 0.47127699999999983 0.0010080000000001667",
                "f 2262 0.8568010000000001 0.13796000000000022 0.005238999999999684",
                "f 2268 0.005587999999999704 0.7432799999999999 0.25113200000000035",
                "f 2260 0.11196341720784464 0.40701604597969165 0.4810205368124637",
                "f 2873 0.011245411937282346 0.6238162942830588 0.3649382937796588",
                "f 2873 0.23436358806271784 0.4284457057169409 0.3371907062203413",
                "f 2269 0.48378900000000025 0.1538800000000003 0.3623309999999995",
                "f 2870 0.33646200000000004 0.5495099999999997 0.11402800000000025",
                "f 2871 0.2768707921016197 0.1728223762974346 0.5503068316009457",
                "f 2868 0.12198682697720087 0.526518733914032 0.3514944391087671",
                "f 2288 0.6632739999999999 0.09045599999999983 0.24627000000000016",
                "f 2873 0.583072 0.22270799999999988 0.19422",
                "f 2266 0.6051470000000001 0.14909299999999978 0.24576000000000003",
                "f 2868 0.0012379999999999614 0.0973910000000002 0.9013709999999998",
                "f 2263 0.8140100000000001 0.09836699999999972 0.08762300000000013",
                "f 2261 0.3406690000000002 0.055850999999999956 0.6034799999999998",
                "f 2868 0.487876 0.2812190000000003 0.2309049999999997",
                "f 2875 0.866087 0.060738 0.073175",
                "f 2869 0.34044200000000013 0.30344200000000027 0.35611599999999966",
                "f 2278 0.762376031768706 0.04160260945395838 0.19602135877733567",
                "f 2296 0.605726 0.3848880000000001 0.009385999999999839",
