{
    "data": [
        {
            "name": "objShapefingers",
            "contactPoints": [
                "f 1694 0.11906799999999962 0.356134 0.5247980000000004",
                "f 1694 0.35325700000000015 0.06466599999999989 0.582077",
                "f 2740 0.06782500000000014 0.037728999999999534 0.8944460000000003",
                "f 1615 0.027073000000000458 0.024513999999999352 0.9484130000000002",
                "f 1614 0.8445069999999999 0.03964000000000021 0.1158529999999999",
                "f 2649 0.12000600000000006 0.05777700000000035 0.8222169999999996",
                "f 2582 0.3664439999999991 0.22183400000000117 0.4117219999999997",
                "f 2649 0.46074400000000015 0.11886099999999936 0.4203950000000005",
                "f 2637 0.4571680000000006 0.5036889999999995 0.039142999999999914",
                "f 2637 0.5491250000000001 0.3996620000000002 0.051212999999999724",
                "f 3549 0.08749296795578243 0.1764666126440666 0.736040419400151",
                "f 2740 0.44577500000000037 0.2729079999999978 0.2813170000000018",
                "f 2740 0.2541399999999998 0.19398099999999943 0.5518790000000008",
                "f 2740 0.15952919363357143 0.08602174537026351 0.754449060996165",
                "f 3556 0.4175767673419476 0.16160185425590448 0.42082137840214795",
                "f 3556 0.5145710000000006 0.04221299999999929 0.4432160000000002",
                "f 2547 0.043268513653180185 0.22922310840952545 0.7275083779372944",
                "f 3670 0.412647 0.18296700000000043 0.4043859999999996",
                "f 3670 0.17052700000000015 0.48269299999999965 0.34678000000000025",
                "f 3670 0.1529120444866363 0.3145152606431383 0.5325726948702254",
                "f 2546 0.5336809999999995 0.13757200000000047 0.328747",
                "f 3565 0.6227319999999998 0.27415399999999995 0.10311400000000018",
                "f 2648 0.4881999999999999 0.13700699999999974 0.3747930000000003",
                "f 2648 0.5830080000000002 0.14504800000000007 0.2719439999999998",
                "f 3670 0.22938704448663672 0.13975326064313776 0.6308596948702255",
                "f 3670 0.32185895551336363 0.16221473935686048 0.5159263051297759",
                "f 2648 0.671677 0.1609000000000006 0.16742299999999946",
                "f 2740 0.8396800000000001 0.03157099999999921 0.1287490000000007",
                "f 3670 0.08576399999999973 0.09991200000000022 0.814324",
                "f 2648 0.7035015910391478 0.025918804700547984 0.27057960426030425",
                "f 1614 0.4190534095261683 0.04279763641974907 0.5381489540540826",
                "f 1614 0.602728 0.10102700000000014 0.29624499999999976",
                "f 1614 0.09904199999999985 0.13273100000000027 0.7682269999999999",
                "f 2651 0.1727970000000003 0.414152 0.4130509999999996",
                "f 2648 0.6672244089608527 0.2753821952994509 0.05739339573969651",
                "f 3565 0.18301905324294726 0.7965883635031991 0.02039258325385367",
                "f 1614 0.059577409526167746 0.2724466364197494 0.6679759540540828",
                "f 2651 0.32936696504686147 0.5023948303656889 0.16823820458744967",
                "f 2651 0.6578960000000001 0.221617 0.12048699999999986",
                "f 3565 0.6730389999999999 0.01227800000000015 0.3146829999999999",
                "f 2649 0.7531630000000001 0.1633749999999996 0.08346200000000024",
                "f 3564 0.12159900000000029 0.5052069999999994 0.3731940000000003",
                "f 3567 0.17115199999999964 0.23339300000000004 0.5954550000000003",
                "f 1614 0.31305799999999995 0.33840299999999984 0.34853900000000027",
                "f 1614 0.05915599999999954 0.3936289999999999 0.5472150000000006",
                "f 3567 0.4484490000000009 0.2378130000000002 0.31373799999999896",
                "f 3566 0.478357 0.43522099999999964 0.08642200000000037",
                "f 3567 0.12301099999999954 0.48461600000000027 0.3923730000000002",
                "f 3567 0.30538099999999974 0.636158 0.05846100000000026",
                "f 3566 0.24243545382317783 0.5812619403036551 0.1763026058731671",
                "f 3566 0.2857939999999999 0.6910779999999999 0.023128000000000266",
                "f 1614 0.4666130000000002 0.4820510000000003 0.051335999999999535",
                "f 3556 0.22202699999999959 0.4122309999999998 0.3657420000000006",
                "f 1614 0.7192019999999999 0.14342200000000013 0.1373759999999999",
                "f 1614 0.807086409526168 0.16501063641974836 0.027902954054083755",
                "f 1614 0.5430859999999997 0.23802299999999976 0.21889100000000045",
                "f 1614 0.4968635904738321 0.3715953635802519 0.13154104594591598",
                "f 1615 0.08353999999999984 0.3576239999999997 0.5588360000000004",
                "f 3556 0.3128149999999997 0.2943039999999992 0.3928810000000011",
                "f 3556 0.27766823265805185 0.5623891457440968 0.15994262159785136",
                "f 3556 0.20409123265805196 0.10925414574409649 0.6866546215978515",
                "f 2544 0.14079000000000064 0.29627699999999946 0.5629329999999999",
                "f 1612 0.023783999999999583 0.13589499999999988 0.8403210000000005",
                "f 2740 0.7707769999999996 0.2078570000000004 0.02136599999999995",
                "f 2637 0.06020824088764798 0.5309916949825465 0.4088000641298055",
                "f 1615 0.256272 0.2786780000000002 0.4650499999999998",
                "f 1615 0.14447262032379804 0.24192569495862365 0.6136016847175783",
                "f 1615 0.4538979999999993 0.09498399999999985 0.45111800000000085",
                "f 3556 0.47833000000000025 0.3371140000000001 0.18455599999999964",
                "f 1615 0.14747762032379708 0.010038694958623551 0.8424836847175794",
                "f 1615 0.06973000000000018 0.09967100000000013 0.8305989999999996",
                "f 1615 0.08739700000000006 0.19009299999999985 0.7225100000000001",
                "f 1615 0.2685450000000006 0.014208000000000496 0.717246999999999",
                "f 1615 0.22617399999999988 0.12444000000000005 0.649386",
                "f 3556 0.6833859999999994 0.08715300000000041 0.22946100000000028",
                "f 3549 0.3464820320442164 0.3716293873559327 0.28188858059985095",
                "f 3549 0.4898869679557825 0.11330761264406652 0.39680541940015096",
                "f 2544 0.05282099999999923 0.6159680000000013 0.3312109999999995",
                "f 2637 0.33182800000000057 0.3493909999999998 0.31878099999999965",
                "f 2544 0.1728100000000008 0.5522289999999993 0.2749609999999999",
                "f 2544 0.18096499999999993 0.6827709999999998 0.13626400000000027",
                "f 2544 0.260122 0.4117549999999998 0.3281230000000001",
                "f 2544 0.40013384287126336 0.2781421966127177 0.32172396051601887",
                "f 2544 0.3594069999999995 0.4790580000000003 0.16153500000000018",
                "f 2558 0.07227628471139579 0.8526646075746372 0.07505910771396697",
                "f 2544 0.050066999999999584 0.45032800000000034 0.49960500000000013",
                "f 3556 0.0972780000000002 0.24936499999999973 0.6533570000000001",
                "f 2544 0.2870520000000004 0.5985039999999993 0.11444400000000032",
                "f 2544 0.48605384287126396 0.3392411966127177 0.17470496051601833",
                "f 2956 0.06055999999999964 0.8565589999999992 0.08288100000000118",
                "f 3560 0.056254999999999944 0.08004499999999959 0.8637000000000005",
                "f 2556 0.3781399999999998 0.045658000000000636 0.5762019999999995",
                "f 3560 0.7040939999999999 0.11540599999999959 0.18050000000000055",
                "f 2556 0.5494949999999998 0.15778400000000026 0.29272099999999995",
                "f 3493 0.6169530580102848 0.37686458256055083 0.006182359429164461",
                "f 2544 0.7973079999999996 0.03307199999999991 0.16962000000000055",
                "f 2558 0.11218071528860285 0.12429439242536264 0.7635248922860345",
                "f 2558 0.7423900000000003 0.13291599999999978 0.1246939999999999",
                "f 2558 0.1647770000000004 0.4209760000000005 0.41424699999999914",
                "f 2558 0.24344200000000032 0.666504000000001 0.0900539999999987",
                "f 3562 0.815715 0.021440999999999898 0.16284400000000007",
                "f 3560 0.39547100000000013 0.1013240000000001 0.5032049999999998",
                "f 2559 0.205171 0.18933599999999998 0.6054930000000001",
                "f 2556 0.22566898935039348 0.37943512924671396 0.39489588140289256",
                "f 2556 0.2745399999999998 0.18661299999999945 0.5388470000000007",
                "f 2556 0.328357 0.5170790000000003 0.15456399999999967",
                "f 3493 0.4272080000000006 0.5425009999999995 0.030290999999999974",
                "f 2559 0.4103839999999995 0.16554000000000038 0.4240760000000001",
                "f 2556 0.4928919999999999 0.3544089999999995 0.15269900000000058",
                "f 2556 0.5583439893503939 0.2619641292467148 0.17969188140289138",
                "f 2556 0.4732819999999996 0.10642000000000025 0.4202980000000001",
                "f 2648 0.23776199999999992 0.2779149999999998 0.4843230000000003",
                "f 1694 0.06143100000000001 0.29602200000000006 0.642547",
                "f 2556 0.14496499999999998 0.6317290000000007 0.22330599999999937",
                "f 2650 0.23958400000000002 0.5912270000000002 0.1691889999999998",
                "f 3565 0.2961459999999996 0.1856520000000006 0.5182019999999998",
                "f 2651 0.47336200000000056 0.1534090000000001 0.3732289999999993",
                "f 2641 0.12060100000000033 0.8744720000000002 0.00492699999999942",
                "f 2639 0.2872789999999995 0.1314720000000005 0.581249",
                "f 2544 0.5821739999999993 0.11898900000000044 0.2988370000000003",
                "f 2544 0.6564551571287368 0.17921280338728202 0.1643320394839812",
                "f 3558 0.051124999999999865 0.07812100000000066 0.8707539999999995",
                "f 2544 0.7219099999999994 0.2444069999999995 0.03368300000000107",
                "f 3560 0.7803070000000008 0.01569099999999898 0.20400200000000024",
                "f 3560 0.9522143400605572 0.025376291754098043 0.022409368185344728",
                "f 2544 0.8629270000000001 0.0948379999999994 0.042235000000000446",
                "f 2558 0.8661479999999999 0.012486000000000337 0.1213659999999998",
                "f 3560 0.48092100000000015 0.006341999999999873 0.512737",
                "f 2558 0.3830890000000001 0.12892700000000024 0.48798399999999964",
                "f 2544 0.4493171571287359 0.5430908033872831 0.007592039483981044",
                "f 2544 0.5642421571287368 0.40268280338728224 0.03307503948398091",
                "f 2649 0.10794300000000012 0.1832869999999995 0.7087700000000003",
                "f 2651 0.05377799999999924 0.8661560000000003 0.0800660000000005",
                "f 2558 0.15382799999999974 0.269832000000001 0.5763399999999993",
                "f 2558 0.46490200000000026 0.2750970000000011 0.2600009999999987",
                "f 2558 0.04521999999999901 0.7441370000000002 0.21064300000000083",
                "f 2558 0.021314284711396625 0.6673676075746374 0.31131810771396595",
                "f 2558 0.20428599999999936 0.5447100000000005 0.25100400000000017",
                "f 2559 0.2610161719846933 0.4307668724154956 0.3082169555998111",
                "f 2559 0.5073878280153072 0.14564012758450515 0.3469720444001876",
                "f 2559 0.16925582801530747 0.46138312758450484 0.3693610444001877",
                "f 2559 0.08104082801530688 0.19163912758450502 0.727320044400188",
                "f 2558 0.4893199999999999 0.4192400000000002 0.09143999999999981",
                "f 2559 0.047996000000000594 0.48153299999999993 0.4704709999999994",
                "f 2559 0.29936399999999985 0.1803270000000003 0.5203089999999998",
                "f 2556 0.12342499999999995 0.611527 0.265048",
                "f 2556 0.35373698935039366 0.5865581292467147 0.05970488140289166",
                "f 2556 0.09906599999999993 0.5302739999999994 0.3706600000000007",
                "f 2556 0.068717010649606 0.44845687075328555 0.48282611859710844",
                "f 2556 0.06003999999999987 0.3636349999999994 0.5763250000000008",
                "f 2556 0.29175099999999976 0.4363970000000006 0.27185199999999965",
                "f 2556 0.12728598935039326 0.049543129246715355 0.8231708814028914",
                "f 2556 0.3426079999999997 0.09775599999999993 0.5596360000000004",
                "f 2556 0.4474470106496065 0.17073387075328483 0.38181911859710865",
                "f 2556 0.032878000000000074 0.13771399999999995 0.829408",
                "f 2556 0.06896299999999989 0.26164400000000054 0.6693929999999996",
                "f 2556 0.26226000000000016 0.29160100000000005 0.44613899999999984",
                "f 3493 0.4849959999999998 0.4647360000000005 0.05026799999999971",
                "f 2556 0.4788720106496061 0.4808298707532855 0.04029811859710845",
                "f 3493 0.4214490000000003 0.40576299999999893 0.17278800000000075",
                "f 2582 0.4345522354295679 0.4908054948806877 0.07464226968974443",
                "f 3493 0.4455770580102846 0.4174415825605511 0.13698135942916437",
                "f 2649 0.3679499264300587 0.24381758924465008 0.38823248432529117",
                "f 2649 0.3543249999999998 0.10899599999999993 0.5366790000000004",
                "f 2649 0.5031850735699415 0.2605074107553505 0.23630751567470815",
                "f 3493 0.37335605801028493 0.5123145825605506 0.11432935942916443",
                "f 2547 0.4138345136531809 0.08267210840952549 0.5034933779372937",
                "f 3493 0.3554330000000001 0.5945240000000006 0.05004299999999927",
                "f 2556 0.4361689999999998 0.4207889999999997 0.14304200000000053",
                "f 2556 0.3731719999999998 0.3545870000000005 0.2722409999999998",
                "f 2556 0.41632499999999967 0.28437999999999963 0.2992950000000007",
                "f 2547 0.16522999999999943 0.08148600000000131 0.7532839999999993",
                "f 2556 0.5506659999999998 0.40325599999999967 0.04607800000000065",
                "f 2556 0.6009029893503937 0.355630129246714 0.043466881402892385",
                "f 2556 0.6448810000000003 0.24395399999999917 0.11116500000000064",
                "f 2556 0.5531399893503935 0.21084512924671403 0.23601488140289237",
                "f 2556 0.45617999999999975 0.23573299999999994 0.3080870000000003",
                "f 2556 0.6258029999999999 0.30290900000000065 0.0712879999999995",
                "f 2556 0.5234129999999997 0.2984160000000006 0.17817099999999964",
                "f 2648 0.2805819999999999 0.09142199999999974 0.6279960000000003",
                "f 3565 0.5137250532429473 0.3365833635031994 0.14969158325385337",
                "f 3565 0.34017594675705226 0.28460363649680137 0.3752204167461463",
                "f 3565 0.2122799467570522 0.2464286364968016 0.5412914167461462",
                "f 3565 0.43186299999999994 0.22815900000000028 0.33997799999999984",
                "f 2651 0.3260440000000003 0.18028600000000009 0.49366999999999966",
                "f 2648 0.10200999999999996 0.6721930000000007 0.22579699999999933",
                "f 2648 0.25142 0.6030189999999994 0.1455610000000006",
                "f 2651 0.5319419650468603 0.008906830365688798 0.45915120458745085",
                "f 3565 0.18578905324294748 0.13414336350319778 0.6800675832538547",
                "f 2740 0.3301559999999999 0.04635000000000077 0.6234939999999993",
                "f 2651 0.053106034953138814 0.4711811696343111 0.47571279541255007",
                "f 2651 0.12502100000000038 0.533609 0.3413699999999996",
                "f 2651 0.15455103495313904 0.3315341696343113 0.5139147954125497",
                "f 2651 0.2779830349531387 0.3124901696343111 0.4095267954125502",
                "f 2651 0.21294599999999983 0.5974490000000001 0.18960500000000005",
                "f 2651 0.3457259999999996 0.6287929999999999 0.025481000000000496",
                "f 2651 0.45049599999999973 0.545558 0.003946000000000269",
                "f 2651 0.3602080349531395 0.35354516963431126 0.2862467954125492",
                "f 2651 0.24102703495313904 0.4547331696343112 0.30423979541254975",
                "f 2649 0.557024 0.003637000000000538 0.4393389999999995",
                "f 2648 0.1108534089608525 0.7996271952994514 0.08951939573969614",
                "f 2651 0.5809670000000002 0.16249400000000014 0.2565389999999997",
                "f 2651 0.4444359999999997 0.3992549999999998 0.15630900000000045",
                "f 3565 0.6265609999999997 0.14950600000000053 0.22393299999999972",
                "f 3565 0.443546 0.10810799999999972 0.44834600000000024",
                "f 3565 0.9358020532429474 0.0601113635031989 0.004086583253853668",
                "f 2649 0.666148 0.2776510000000012 0.056200999999998884",
                "f 2649 0.5698080000000001 0.13022699999999982 0.299965",
                "f 2649 0.7458350000000001 0.027569999999999917 0.22659500000000002",
                "f 3567 0.8836739999999987 0.01622799999999962 0.1000980000000017",
                "f 3564 0.24475099999999989 0.582057 0.17319200000000007",
                "f 3564 0.19747299999999998 0.6567430000000006 0.1457839999999994",
                "f 3566 0.8141030000000002 0.11874499999999927 0.06715200000000049",
                "f 3567 0.25571499999999947 0.10822900000000002 0.6360560000000005",
                "f 3567 0.5784169999999998 0.2687949999999999 0.15278800000000028",
                "f 3564 0.005328658918367313 0.7303916508837454 0.26427969019788733",
                "f 3567 0.5605859999999998 0.008738999999999842 0.4306750000000004",
                "f 3567 0.2799840000000001 0.21851200000000018 0.5015039999999997",
                "f 3566 0.6135340000000002 0.22550799999999965 0.16095800000000018",
                "f 3566 0.44848845382317815 0.358212940303654 0.19329860587316783",
                "f 2648 0.33613200000000004 0.22408600000000034 0.4397819999999996",
                "f 3567 0.03605900000000062 0.35991300000000026 0.6040279999999991",
                "f 3567 0.2539959999999999 0.3888080000000003 0.35719599999999985",
                "f 3567 0.012546999999999864 0.4957769999999999 0.4916760000000002",
                "f 3565 0.3196059999999997 0.07641100000000003 0.6039830000000003",
                "f 3567 0.1405681875197614 0.355259010048309 0.5041728024319295",
                "f 3670 0.1530419999999999 0.567426999999999 0.2795310000000011",
                "f 3567 0.47381299999999954 0.5067809999999998 0.01940600000000064",
                "f 2648 0.591162 0.23855600000000005 0.17028200000000007",
                "f 3567 0.36562699999999954 0.44523100000000004 0.18914200000000042",
                "f 3565 0.21450999999999965 0.03925700000000078 0.7462329999999996",
                "f 3567 0.20798299999999856 0.5485609999999995 0.24345600000000192",
                "f 3566 0.3411199999999998 0.5132819999999996 0.14559800000000062",
                "f 3566 0.30579500000000015 0.45359599999999983 0.24060899999999996",
                "f 3566 0.18809599999999993 0.5513640000000003 0.26053999999999977",
                "f 3566 0.1319435461768221 0.7068620596963459 0.16119439412683204",
                "f 3566 0.3728500000000003 0.5723719999999993 0.05477800000000037",
                "f 3567 0.04979518751976181 0.5998340100483089 0.35037080243192925",
                "f 3567 0.12811918751976115 0.6769710100483092 0.19490980243192968",
                "f 3566 0.24455345382317795 0.6493089403036546 0.10613760587316744",
                "f 3670 0.2242599999999997 0.6222790000000012 0.15346099999999904",
                "f 3670 0.10049600000000003 0.6402289999999997 0.25927500000000026",
                "f 3567 0.1601920000000005 0.7694799999999999 0.07032799999999957",
                "f 3567 0.02511018751976085 0.7960020100483091 0.1788878024319301",
                "f 3644 0.30750900000000003 0.07509099999999834 0.6174000000000016",
                "f 2740 0.38402719363357085 0.40675674537026446 0.20921606099616466",
                "f 2740 0.06692799999999999 0.20819399999999974 0.7248780000000002",
                "f 1612 0.04161099999999973 0.04951899999999964 0.9088700000000006",
                "f 2740 0.5118259999999997 0.12340800000000081 0.3647659999999994",
                "f 1614 0.7620140000000002 0.02363999999999881 0.21434600000000106",
                "f 3670 0.003621044486636471 0.268300260643138 0.7280786948702256",
                "f 1694 0.43164199999999986 0.11865600000000005 0.44970200000000005",
                "f 1614 0.9008645904738317 0.07894936358025274 0.02018604594591559",
                "f 2638 0.5636260000000002 0.18550699999999998 0.2508669999999999",
                "f 2648 0.4768970000000001 0.3236359999999997 0.19946700000000017",
                "f 2648 0.5040199999999999 0.2457510000000001 0.25022900000000003",
                "f 2648 0.5869630000000001 0.3219099999999993 0.09112700000000057",
                "f 2648 0.6160405910391475 0.011847804700548836 0.37211160426030365",
                "f 2648 0.8484409999999999 0.06461700000000031 0.08694199999999973",
                "f 1614 0.3586880000000002 0.19507199999999938 0.44624000000000047",
                "f 3565 0.19022899999999973 0.6796090000000001 0.13016200000000014",
                "f 1614 0.291109 0.45554799999999995 0.25334300000000004",
                "f 1615 0.19198400000000004 0.37711999999999996 0.43089600000000006",
                "f 1614 0.6821070000000001 0.2783579999999998 0.03953500000000007",
                "f 2958 0.8532082309517639 0.13288632839862743 0.01390544064960861",
                "f 1615 0.3126750000000005 0.16304399999999983 0.5242809999999997",
                "f 1615 0.17050199999999915 0.08968499999999967 0.7398130000000012",
                "f 3556 0.3794237673419487 0.45312085425590337 0.167455378402148",
                "f 2637 0.34797400000000017 0.6209909999999996 0.031035000000000205",
                "f 2637 0.24164000000000035 0.7377170000000015 0.02064299999999815",
                "f 3556 0.5794640000000004 0.21087899999999987 0.20965699999999973",
                "f 3549 0.33639796795578414 0.49138261264406624 0.17221941940014965",
                "f 3549 0.5023550000000007 0.4412519999999994 0.0563929999999999",
                "f 3549 0.661619000000001 0.013999999999999783 0.32438099999999925",
                "f 2743 0.31357400000000024 0.005972999999999891 0.6804529999999999",
                "f 2743 0.07128899999999883 0.08071100000000024 0.848000000000001",
                "f 3549 0.6394839679557832 0.3556116126440665 0.004904419400150297",
                "f 3549 0.4092500000000004 0.25273599999999985 0.33801399999999976",
                "f 3501 0.3639468535826722 0.09033347122835189 0.5457196751889759",
                "f 2740 0.17586000000000013 0.31830499999999995 0.5058349999999999",
                "f 2742 0.9257721703946045 0.0022805242257684863 0.07194730537962697",
                "f 3549 0.19731799999999977 0.3992749999999996 0.4034070000000006",
                "f 2650 0.17967499999999953 0.7467099999999997 0.07361500000000082",
                "f 2743 0.04013499999999959 0.020666999999999967 0.9391980000000004",
                "f 3670 0.048685044486636575 0.5642302606431381 0.38708469487022534"
            ]
        },
        {
            "name": "objShapepalm",
            "contactPoints": [
                "f 2075 0.18822599999999617 0.611118000000011 0.20065599999999278",
                "f 629 0.20271300000000028 0.6317239999999994 0.16556300000000032",
                "f 1594 0.3136150000000002 0.039893 0.6464919999999998",
                "f 3865 0.39429599999999976 0.08722700000000226 0.518476999999998",
                "f 2909 0.39686329193894343 4.149548630032369e-16 0.6031367080610561",
                "f 2074 0.47654099999999894 0.48275700000000077 0.04070200000000028",
                "f 3720 0.14671100000000015 0.5018649999999982 0.3514240000000016",
                "f 629 0.2356600000000016 0.4653830000000001 0.2989569999999983",
                "f 3633 0.38563400000000053 0.599961999999999 0.014404000000000479",
                "f 3633 0.21655600000000005 0.7568079999999994 0.026636000000000565",
                "f 629 0.42359500000000044 0.47922299999999934 0.09718200000000027",
                "f 629 0.30349700000000096 0.6689279999999994 0.027574999999999614",
                "f 629 0.0905469999999992 0.836665000000001 0.07278799999999981",
                "f 1594 0.150828739550376 0.01923033076275462 0.8299409296868694",
                "f 3865 0.767706 0.02876600000000262 0.2035279999999974",
                "f 2909 0.32363099999999245 0.4649380000000012 0.2114310000000064"
            ]
        },
        {
            "name": "objShapethumb",
            "contactPoints": [
                "f 842 0.2762159999999997 0.29755700000000085 0.42622699999999947",
                "f 964 0.7618149999999999 0.10504199999999975 0.13314300000000032",
                "f 968 0.8054519999999998 0.0157939999999992 0.1787540000000009",
                "f 968 0.011712097881211636 0.7287801492435286 0.25950775287525973",
                "f 968 0.40688690211878853 0.40058085075647054 0.19253224712474093",
                "f 968 0.709415 0.1832050000000002 0.10737999999999984",
                "f 968 0.9679320000000001 0.01982700000000045 0.012240999999999367",
                "f 3096 0.6177888114224969 0.0030236113792697717 0.37918757719823337",
                "f 3114 0.15482600000000035 0.06195999999999919 0.7832140000000004",
                "f 3114 0.005460999999999716 0.13418800000000006 0.8603510000000002",
                "f 3096 0.1691170000000003 0.05247599999999982 0.7784069999999998",
                "f 3096 0.436407 0.11961200000000005 0.44398099999999996",
                "f 3096 0.6364620000000005 0.1828129999999999 0.18072499999999964",
                "f 3096 0.2763500000000005 0.25021399999999944 0.473436",
                "f 3098 0.4917679999999998 0.11602800000000005 0.39220400000000016",
                "f 969 0.5377769999999998 0.0394180000000002 0.422805",
                "f 971 0.8441459999999997 0.11046600000000023 0.045388000000000116",
                "f 969 0.7197680000000007 0.2398759999999996 0.04035599999999973",
                "f 969 0.1718219999999997 0.6625359999999996 0.16564200000000073",
                "f 842 0.03507099999999974 0.21234199999999986 0.7525870000000005",
                "f 842 0.20592409775557918 0.13160520758464722 0.6624706946597736",
                "f 3096 0.5943279999999999 0.3495779999999998 0.056094000000000435",
                "f 3093 0.24092000000000086 0.7471739999999991 0.011906000000000042",
                "f 3099 0.13085299999999978 0.2666959999999991 0.6024510000000011",
                "f 3098 0.21808199999999983 0.3128039999999991 0.4691140000000011",
                "f 3093 0.13383800000000068 0.4846529999999992 0.3815090000000001",
                "f 3092 0.134514999999999 0.8167430000000003 0.04874200000000067",
                "f 3079 0.7715109720939025 0.19725821184795317 0.031230816058144324",
                "f 3079 0.970246 0.013262000000000768 0.016491999999999188",
                "f 3093 0.6090158980925152 0.2479412439279144 0.14304285797957042",
                "f 3093 0.13438100000000086 0.25182699999999963 0.6137919999999996",
                "f 964 0.6019879999999992 0.2229670000000002 0.1750450000000007",
                "f 3095 0.6279880000000002 0.18752399999999955 0.18448800000000018",
                "f 964 0.6923660000000014 0.02795599999999947 0.27967799999999926",
                "f 985 0.05269800000000108 0.5869090000000001 0.3603929999999988",
                "f 3099 0.13178600000000015 0.6638630000000002 0.20435099999999964",
                "f 3093 0.2625270000000003 0.015456000000000383 0.7220169999999994",
                "f 3097 0.13960699999999937 0.15909000000000106 0.7013029999999996",
                "f 964 0.48153800000000013 0.45699600000000007 0.0614659999999998",
                "f 971 0.47457581587826353 0.3163287891767385 0.2090953949449979",
                "f 968 0.5218950978812116 0.19753614924352866 0.28056875287525973",
                "f 3096 0.11379699999999976 0.40554700000000016 0.48065600000000014",
                "f 3096 0.36736699999999944 0.4134820000000005 0.219151",
                "f 3096 0.5127201885775015 0.47939738862073217 0.007882422801766462",
                "f 3099 0.42524900000000043 0.1743310000000001 0.40041999999999944",
                "f 3114 0.17075600000000002 0.19003699999999976 0.6392070000000002",
                "f 3099 0.5537479999999999 0.2279410000000006 0.21831099999999953",
                "f 985 0.036061999999999816 0.8583519999999994 0.10558600000000073",
                "f 968 0.31072190211878875 0.6039648507564711 0.08531324712474016",
                "f 3096 0.810044 0.0820220000000003 0.1079339999999998",
                "f 3099 0.18095600000000023 0.02214299999999923 0.7969010000000005",
                "f 3096 0.4754619999999998 0.27697500000000047 0.2475629999999998",
                "f 3093 0.011272000000000826 0.9873019999999987 0.001426000000000492",
                "f 969 0.34514500000000026 0.3535079999999989 0.3013470000000009",
                "f 842 0.10138999999999987 0.27905699999999994 0.6195530000000002",
                "f 3096 0.22600781142249832 0.5878846113792681 0.18610757719823362",
                "f 3099 0.19942500000000019 0.7676949999999994 0.03288000000000045",
                "f 842 0.326099 0.11207500000000051 0.5618259999999995",
                "f 842 0.18457499999999993 0.2863480000000006 0.5290769999999995",
                "f 842 0.0833959999999998 0.502637 0.4139670000000002",
                "f 3098 0.39770569878576645 0.6015105167806486 0.0007837844335849561",
                "f 3093 0.7200470000000002 0.02200599999999913 0.2579470000000007",
                "f 968 0.04814200000000013 0.33840500000000046 0.6134529999999994",
                "f 964 0.6391390000000005 0.35146799999999995 0.009392999999999653",
                "f 968 0.423129 0.10367100000000017 0.47319999999999984",
                "f 968 0.17404309788121175 0.4406801492435282 0.3852767528752601",
                "f 985 0.10896271801506238 0.7036597406125578 0.18737754137237986"
            ]
        },
        {
            "name": "humanShapefingers",
            "contactPoints": [
                "v 2049",
                "v 2050",
                "v 2051",
                "v 2052",
                "v 2053",
                "v 514",
                "v 523",
                "v 524",
                "v 2573",
                "v 2571",
                "v 2577",
                "v 2039",
                "v 2040",
                "v 2041",
                "v 2593",
                "v 2594",
                "v 2595",
                "v 2084",
                "v 2085",
                "v 2086",
                "v 2596",
                "v 549",
                "v 2089",
                "v 2090",
                "v 2091",
                "v 2092",
                "v 2093",
                "v 2094",
                "v 2095",
                "v 2096",
                "v 2097",
                "v 2098",
                "v 2099",
                "v 563",
                "v 2101",
                "v 2102",
                "v 2103",
                "v 564",
                "v 565",
                "v 566",
                "v 567",
                "v 568",
                "v 569",
                "v 2110",
                "v 2111",
                "v 570",
                "v 571",
                "v 572",
                "v 573",
                "v 574",
                "v 577",
                "v 2118",
                "v 2629",
                "v 2120",
                "v 2121",
                "v 2122",
                "v 2123",
                "v 2124",
                "v 2630",
                "v 582",
                "v 2631",
                "v 2634",
                "v 2133",
                "v 2044",
                "v 601",
                "v 2138",
                "v 2139",
                "v 2140",
                "v 602",
                "v 2142",
                "v 2143",
                "v 2144",
                "v 2145",
                "v 2146",
                "v 603",
                "v 606",
                "v 607",
                "v 2661",
                "v 614",
                "v 2663",
                "v 2664",
                "v 2665",
                "v 2666",
                "v 2667",
                "v 2669",
                "v 621",
                "v 630",
                "v 640",
                "v 641",
                "v 1158",
                "v 666",
                "v 667",
                "v 668",
                "v 670",
                "v 677",
                "v 681",
                "v 682",
                "v 683",
                "v 684",
                "v 685",
                "v 2733",
                "v 2735",
                "v 687",
                "v 689",
                "v 690",
                "v 688",
                "v 691",
                "v 686",
                "v 694",
                "v 695",
                "v 2744",
                "v 1943",
                "v 2043",
                "v 2764",
                "v 2253",
                "v 550",
                "v 551",
                "v 2776",
                "v 2267",
                "v 2779",
                "v 2780",
                "v 2781",
                "v 2782",
                "v 2783",
                "v 2784",
                "v 2785",
                "v 2786",
                "v 2787",
                "v 2788",
                "v 2789",
                "v 2790",
                "v 2280",
                "v 2281",
                "v 2791",
                "v 2792",
                "v 2793",
                "v 2794",
                "v 2796",
                "v 2797",
                "v 2798",
                "v 2799",
                "v 2800",
                "v 2801",
                "v 2802",
                "v 2803",
                "v 2804",
                "v 2805",
                "v 2806",
                "v 2807",
                "v 2808",
                "v 2809",
                "v 2810",
                "v 2811",
                "v 2812",
                "v 2813",
                "v 2814",
                "v 2815",
                "v 2816",
                "v 2817",
                "v 2819",
                "v 2309",
                "v 2820",
                "v 2311",
                "v 2312",
                "v 2313",
                "v 2822",
                "v 2597",
                "v 2826",
                "v 2828",
                "v 2829",
                "v 2830",
                "v 2598",
                "v 2831",
                "v 2832",
                "v 2833",
                "v 2834",
                "v 2835",
                "v 2836",
                "v 2837",
                "v 1944",
                "v 2377",
                "v 2378",
                "v 2379",
                "v 2380",
                "v 2381",
                "v 2382",
                "v 2387",
                "v 2388",
                "v 2391",
                "v 2042",
                "v 2421",
                "v 2422",
                "v 2423",
                "v 2424",
                "v 2425",
                "v 2426",
                "v 2427",
                "v 2428",
                "v 2429",
                "v 2430",
                "v 2431",
                "v 2432",
                "v 2433",
                "v 2434",
                "v 2435",
                "v 2436",
                "v 2437",
                "v 2438",
                "v 2439",
                "v 2440",
                "v 2441",
                "v 2444",
                "v 2445",
                "v 2446",
                "v 2447",
                "v 2448",
                "v 2449",
                "v 2450",
                "v 2451",
                "v 2452",
                "v 403",
                "v 2453",
                "v 2455",
                "v 2456",
                "v 2457",
                "v 2454",
                "v 410",
                "v 2459",
                "v 413",
                "v 2460",
                "v 2458",
                "v 2461",
                "v 2463",
                "v 2462",
                "v 2468",
                "v 2473",
                "v 2475",
                "v 2476",
                "v 2477",
                "v 2478",
                "v 1967",
                "v 1968",
                "v 2481",
                "v 2483",
                "v 2484",
                "v 435",
                "v 436",
                "v 437",
                "v 438",
                "v 439",
                "v 440",
                "v 441",
                "v 442",
                "v 2486",
                "v 1973",
                "v 1975",
                "v 1976",
                "v 453",
                "v 454",
                "v 455",
                "v 456",
                "v 459",
                "v 461",
                "v 462",
                "v 1067",
                "v 466",
                "v 467",
                "v 2534",
                "v 2535",
                "v 2537",
                "v 2538",
                "v 2544",
                "v 2545",
                "v 2546",
                "v 2034",
                "v 2035",
                "v 2549",
                "v 2550",
                "v 503",
                "v 2036",
                "v 2037",
                "v 2554",
                "v 507",
                "v 2038",
                "v 2046"
            ]
        },
        {
            "name": "humanShapethumb",
            "contactPoints": [
                "v 768",
                "v 2944",
                "v 2945",
                "v 2949",
                "v 2950",
                "v 2951",
                "v 2952",
                "v 2953",
                "v 2954",
                "v 2956",
                "v 2957",
                "v 2958",
                "v 2959",
                "v 2960",
                "v 2962",
                "v 2965",
                "v 2966",
                "v 2967",
                "v 2968",
                "v 2969",
                "v 2970",
                "v 2971",
                "v 3011",
                "v 3014",
                "v 3015",
                "v 3016",
                "v 3017",
                "v 714",
                "v 3018",
                "v 3019",
                "v 3020",
                "v 718",
                "v 3024",
                "v 2900",
                "v 2901",
                "v 3028",
                "v 3029",
                "v 3031",
                "v 2906",
                "v 732",
                "v 733",
                "v 3038",
                "v 3039",
                "v 3040",
                "v 3041",
                "v 738",
                "v 3042",
                "v 734",
                "v 736",
                "v 737",
                "v 739",
                "v 740",
                "v 741",
                "v 742",
                "v 743",
                "v 763",
                "v 760",
