{
    "data": [
        {
            "name": "objShapefingers",
            "contactPoints": [
                "f 254 0.06611899999999993 0.3334829999999999 0.6003980000000001",
                "f 257 0.04877099999999912 0.42562200000000067 0.5256070000000003",
                "f 855 0.04268700000000064 0.6102410000000005 0.3470719999999989",
                "f 853 0.43282599999999993 0.007612000000000626 0.5595619999999994",
                "f 854 0.17381899999999978 0.7236940000000002 0.10248700000000004",
                "f 1304 0.08218700000000012 0.4324639999999999 0.4853489999999999",
                "f 1307 0.3093730000000002 0.39612499999999967 0.2945020000000002",
                "f 1304 0.17622499999999997 0.6375049999999999 0.18627000000000016",
                "f 1305 0.6073440000000002 0.1095389999999997 0.28311700000000006",
                "f 1307 0.9040159999999999 0.07655499999999985 0.019429000000000196",
                "f 1307 0.12264899999999974 0.8707720000000002 0.006579000000000048",
                "f 1311 0.25639100000000015 0.029102000000000006 0.7145069999999999",
                "f 1308 0.08565500000000048 0.47599999999999915 0.43834500000000043",
                "f 1305 0.20065600000000022 0.3087459999999998 0.49059800000000003",
                "f 1305 0.38328164634181394 0.03143415414826995 0.5852841995099161",
                "f 1308 0.18201884002942895 0.6788819718892707 0.13909918808130037",
                "f 427 0.6256019999999995 0.04612400000000042 0.328274",
                "f 423 0.6507629999999975 0.1420910000000004 0.20714600000000205",
                "f 438 0.15056899999999962 0.078895 0.7705360000000003",
                "f 872 0.2131810000000003 0.278954 0.5078649999999998",
                "f 876 0.672499 0.05459800000000023 0.27290299999999984",
                "f 875 0.10749599999999992 0.13801100000000027 0.7544929999999997",
                "f 1308 0.3205930000000001 0.24721799999999902 0.4321890000000009",
                "f 1315 0.15669599999999972 0.028246000000000184 0.8150580000000001",
                "f 1312 0.05377999999999983 0.44543700000000025 0.5007829999999999",
                "f 874 0.48673200000000005 0.24841299999999994 0.26485499999999995",
                "f 873 0.2699362729604895 0.24880463804742647 0.481259088992084",
                "f 445 0.6205369999999999 0.074619 0.3048440000000001",
                "f 880 0.016376999999999753 0.37057899999999927 0.6130440000000009",
                "f 874 0.05872299999999997 0.34500199999999986 0.5962750000000002",
                "f 879 0.16351224171555245 0.13894086784452536 0.6975468904399221",
                "f 876 0.2579800000000001 0.6247959999999999 0.11722400000000002",
                "f 853 0.013353325546625605 0.028613737302688378 0.958032937150686",
                "f 876 0.408532 0.098044 0.493424",
                "f 876 0.11976499999999968 0.1970390000000002 0.6831960000000001",
                "f 879 0.4888630000000001 0.4381539999999993 0.07298300000000062",
                "f 853 0.4286850000000003 0.47179700000000047 0.09951799999999923",
                "f 877 0.06227399999999966 0.5128410000000004 0.4248849999999999",
                "f 877 0.4043089999999996 0.34196300000000057 0.25372799999999984",
                "f 902 0.22126199999999924 0.3696829999999992 0.40905500000000156",
                "f 902 0.2229090000000009 0.060319000000001066 0.716771999999998",
                "f 853 0.3439310000000001 0.4465160000000013 0.20955299999999866",
                "f 853 0.17449300000000045 0.27241699999999924 0.5530900000000003",
                "f 877 0.6100629999999996 0.31878100000000054 0.07115599999999993",
                "f 862 0.2028580000000011 0.07324599999999855 0.7238960000000003",
                "f 877 0.1729870000000002 0.8187859999999996 0.008227000000000222",
                "f 1471 0.6629110000000007 0.033158999999999675 0.30392999999999953",
                "f 1471 0.13279799999999783 0.8150220000000011 0.05218000000000103",
                "f 1470 0.4153979999999996 0.29956600000000055 0.28503599999999985",
                "f 1470 0.33485500000000057 0.611395000000001 0.05374999999999841",
                "f 1470 0.0022639999999990446 0.4597799999999995 0.5379560000000014",
                "f 1486 0.6664399999999983 0.04750600000000205 0.2860539999999997",
                "f 1469 0.2810329999999999 0.3659970000000004 0.35296999999999973",
                "f 1481 0.8129700000000006 0.062390999999999 0.12463900000000036",
                "f 1481 0.01906200000000058 0.4652459999999999 0.5156919999999996",
                "f 1677 0.714981999999999 0.13831100000000018 0.1467070000000008",
                "f 1481 0.344112 0.009703999999999612 0.6461840000000004",
                "f 1679 0.33808799999999906 0.36495200000000133 0.29695999999999967",
                "f 1660 0.43050099999999913 0.2280449999999997 0.34145400000000115",
                "f 1736 0.3441450000000005 0.4098039999999994 0.2460510000000001",
                "f 1736 0.07331700000000022 0.7124310000000021 0.21425199999999764",
                "f 1737 0.32245799999999936 0.470565000000002 0.20697699999999863",
                "f 1410 0.5603752510616086 0.24188922303886498 0.1977355258995265",
                "f 1399 0.560783367798783 0.043289815007394296 0.39592681719382267",
                "f 1481 0.03507799999999915 0.8940700000000009 0.07085199999999993",
                "f 1484 0.4464389999999999 0.28866 0.26490100000000005",
                "f 3031 0.24889646224788306 0.5571158996223524 0.19398763812976452",
                "f 3102 0.0830393785134127 0.4730603152621113 0.44390030622447596",
                "f 443 0.46727667807390627 0.49584454613134843 0.03687877579474529",
                "f 439 0.6378559999999982 0.13237700000000208 0.22976699999999978",
                "f 1480 0.19805900000000037 0.3598509999999983 0.44209000000000126",
                "f 1402 0.0018659999999995347 0.7468969999999996 0.2512370000000009",
                "f 1483 0.48900999999999895 0.24393400000000046 0.2670560000000006",
                "f 1692 0.09016748253255558 0.20306554099157262 0.7067669764758718",
                "f 1400 0.6780179999999996 0.14232200000000003 0.17966000000000035",
                "f 1480 0.5945949999999998 0.06250799999999977 0.3428970000000004",
                "f 1680 0.3978800096544252 0.32830773812526703 0.27381225222030775",
                "f 1401 0.15645200000000045 0.8248899999999998 0.01865799999999975",
                "f 1394 0.08051476740111885 0.7233474532248915 0.19613777937398968",
                "f 1385 0.06801500000000088 0.554089 0.37789599999999907",
                "f 1401 0.6421946409203352 0.23237758544144893 0.12542777363821583",
                "f 3102 0.6594379999999997 0.2744150000000001 0.06614700000000014",
                "f 1460 0.30653243771739297 0.29900455009933663 0.39446301218327046",
                "f 2568 0.06805294720409613 0.870626017725298 0.061321035070605844",
                "f 2546 0.4055309999999992 0.02107900000000081 0.57339",
                "f 449 0.461392 0.21965 0.31895799999999996",
                "f 450 0.32701200000000147 0.3731489999999998 0.2998389999999988",
                "f 3102 0.11830437851340991 0.3789143152621127 0.5027813062244774",
                "f 1472 0.1987640000000002 0.7716569999999995 0.02957900000000032",
                "f 1473 0.905447 0.06499799999999967 0.02955500000000035",
                "f 1473 0.4697989999999994 0.48865800000000015 0.041543000000000434",
                "f 1360 0.027581999999999995 0.11437199999999971 0.8580460000000003",
                "f 1538 0.8702309999999998 0.12123299999999952 0.00853600000000076",
                "f 1411 0.6995710000000007 0.14376400000000042 0.15666499999999883",
                "f 1474 0.43592800000000026 0.4496350000000003 0.11443699999999951",
                "f 1474 0.261609999999999 0.033891000000001184 0.7044989999999998",
                "f 1460 0.650036562282608 0.28522244990066403 0.06474098781672798",
                "f 1463 0.682011361976788 0.12497853714036032 0.19301010088285164",
                "f 1473 0.012390871026086806 0.974463576187173 0.013145552786740141",
                "f 1499 0.045465000000000755 0.37667899999999926 0.5778559999999999",
                "f 2382 0.09728725732846544 0.09879642786420982 0.8039163148073247",
                "f 1361 0.4542444015733245 0.12187885143786309 0.42387674698881245",
                "f 1498 0.33602814074426635 0.2446640094089258 0.4193078498468078",
                "f 167 0.1819621509781132 0.3095174357998418 0.508520413222045",
                "f 165 0.1006600000000002 0.6297160000000013 0.26962399999999853",
                "f 163 0.4807445278855981 0.5154550072866675 0.003800464827734371",
                "f 1736 0.8970076480520236 0.10145895530514328 0.0015333966428331275",
                "f 2539 0.047313119059473996 0.12542696775887427 0.8272599131816517",
                "f 2382 0.3797140000000001 0.5807489999999996 0.03953700000000027",
                "f 2382 0.5049419999999998 0.13419499999999993 0.3608630000000003",
                "f 2383 0.3368214412764246 0.4648183697437842 0.19836018897979119",
                "f 206 0.17281500000000005 0.09314200000000014 0.7340429999999998",
                "f 208 0.35014393110506636 0.14915582119627083 0.5007002476986628",
                "f 160 0.6688832630059602 0.16335004039472065 0.1677666965993191",
                "f 177 0.15838885197126773 0.042407134202353106 0.7992040138263792",
                "f 1308 0.6556 0.15267799999999968 0.19172200000000034",
                "f 3 0.026449000000000722 0.06646900000000022 0.9070819999999991",
                "f 91 0.09136300000000053 0.3563729999999991 0.5522640000000003",
                "f 87 0.28902783066565885 0.03990380247037782 0.6710683668639633",
                "f 3 0.44588935159403054 0.5441923981262364 0.009918250279733027",
                "f 90 0.08702500000000113 0.6292519999999991 0.2837229999999997",
                "f 173 0.711686 0.03145199999999992 0.2568620000000001",
                "f 54 0.3808610000000003 0.3933180000000017 0.225820999999998",
                "f 87 0.18033983066565817 0.24151580247037926 0.5781443668639625",
                "f 1364 0.3648449999999999 0.4276240000000001 0.20753099999999997",
                "f 1365 0.457412 0.48440799999999995 0.05818000000000008",
                "f 5668 0.260653 0.619505 0.11984199999999999",
                "f 5671 0.5302599999999995 0.4293500000000008 0.04038999999999975",
                "f 2368 0.3047213392332955 0.06771836214204018 0.6275602986246643",
                "f 5671 0.4345199999999998 0.2922240000000004 0.27325599999999983",
                "f 1309 0.20623900000000087 0.5666469999999995 0.22711399999999968",
                "f 172 0.034027999999998726 0.08662600000000047 0.8793460000000008",
                "f 178 0.5308678527985811 0.12005906659313721 0.3490730806082817",
                "f 176 0.08001039497641571 0.5771250445054416 0.34286456051814274",
                "f 149 0.1285070000000007 0.8323529999999997 0.03913999999999961",
                "f 150 0.42509100000000066 0.28227999999999903 0.29262900000000036",
                "f 1364 0.04605099999999977 0.9000270000000002 0.053921999999999984",
                "f 2371 0.386904 0.08062700000000021 0.5324689999999997",
                "f 236 0.25940499999999966 0.33962400000000015 0.4009710000000002",
                "f 2369 0.7319259999999999 0.10846600000000045 0.1596079999999998",
                "f 237 0.6182800000000009 0.27974000000000027 0.10197999999999875",
                "f 86 0.3194812120604123 0.6543278202298951 0.02619096770969259",
                "f 66 0.7130969999999992 0.06755600000000067 0.21934700000000015",
                "f 85 0.1968322025311123 0.5751551946089183 0.2280126028599694",
                "f 87 0.5461598306656579 0.3692428024703766 0.08459736686396552",
                "f 1296 0.13246900000000106 0.30851899999999854 0.5590120000000004",
                "f 1299 0.0049300000000002675 0.7413350000000003 0.25373499999999943",
                "f 1352 0.07926298570712045 0.9122718427580686 0.008465171534810936",
                "f 1246 0.5137459999999999 0.10106799999999955 0.3851860000000006",
                "f 1266 0.2690688206311741 0.08557374024343853 0.6453574391253873",
                "f 1392 0.16081799999999988 0.763454 0.07572800000000016",
                "f 1296 0.6443525284067775 0.07864804526662253 0.2769994263266",
                "f 1360 0.44939400000000024 0.2849169999999998 0.2656889999999999",
                "f 1360 0.21370200000000034 0.6537039999999995 0.13259400000000016",
                "f 1278 0.10706173307297157 0.8748409631149188 0.018097303812109673",
                "f 1364 0.647528 0.007246000000000092 0.3452259999999999",
                "f 1353 0.31013899999999994 0.5726370000000002 0.11722399999999986",
                "f 1657 0.8196559999999997 0.01143900000000049 0.16890499999999975",
                "f 1657 0.5095619999999994 0.33439899999999984 0.15603900000000068",
                "f 1366 0.35509299999999994 0.3512209999999999 0.29368600000000017",
                "f 1366 0.16937200000000022 0.6149680000000001 0.2156599999999997",
                "f 1366 0.008933000000000552 0.891551 0.09951599999999947",
                "f 2380 0.8178701436952127 0.008590395874685224 0.17353946043010204",
                "f 1366 0.9224679999999998 0.0328760000000005 0.044655999999999745",
                "f 1367 0.1436858229928602 0.4687850683135733 0.38752910869356655",
                "f 1274 0.08025300000000224 0.8267609999999977 0.09298600000000001",
                "f 1275 0.4290369999999993 0.15383900000000067 0.417124",
                "f 5671 0.10059200000000013 0.5647439999999997 0.3346640000000002",
                "f 5668 0.19227499999999986 0.24588100000000002 0.5618440000000001",
                "f 2384 0.5955458766154218 0.016905535800965488 0.3875485875836126",
                "f 2383 0.2217624412764243 0.24533536974378478 0.5329021889797909",
                "f 2381 0.7127009999999998 0.067095 0.22020400000000012",
                "f 2380 0.10255485630478756 0.290927604125315 0.6065175395698974",
                "f 2384 0.174114 0.2749810000000001 0.5509049999999999",
                "f 2386 0.5044679999999999 0.3727189999999997 0.1228130000000004",
                "f 1293 0.37331314957056516 0.27297727709554775 0.3537095733338871",
                "f 1306 0.597612 0.32491800000000004 0.07746999999999994",
                "f 2389 0.02373499999999973 0.768383 0.20788200000000023",
                "f 273 0.39057000000000053 0.014842999999999206 0.5945870000000003",
                "f 2386 0.6774390000000001 0.3056950000000001 0.01686599999999988",
                "f 2385 0.3403795316665662 0.10370364914116187 0.555916819192272",
                "f 2389 0.01761799999999969 0.9310040000000002 0.051378000000000146",
                "f 1339 0.024384999999998602 0.5407659999999997 0.43484900000000165",
                "f 1311 0.06473999999999969 0.2974989999999999 0.6377610000000004",
                "f 2406 0.4577129999999999 0.3061829999999997 0.2361040000000004",
                "f 2387 0.3945600000000002 0.25001199999999957 0.35542800000000024",
                "f 2370 0.12275800000000037 0.19231999999999938 0.6849220000000003",
                "f 2385 0.7063934683334341 0.23983735085883756 0.05376918080772826",
                "f 2406 0.3310447295375538 0.13558220100414217 0.533373069458304",
                "f 2406 0.7378320000000003 0.1909240000000006 0.07124399999999917",
                "f 1304 0.4927981737984942 0.4593860872745125 0.0478157389269932",
                "f 5670 0.2656206831434321 0.5272179608469455 0.20716135600962238",
                "f 2370 0.888096229048655 0.09631238872270032 0.01559138222864462",
                "f 1308 0.028518840029428616 0.8260449718892707 0.14543618808130065",
                "f 2371 0.31138799999999994 0.2923079999999997 0.3963040000000004",
                "f 2404 0.20489300000000044 0.3242100000000002 0.47089699999999934",
                "f 2370 0.2628070000000001 0.4572059999999997 0.2799870000000001",
                "f 5670 0.04050031685656774 0.41044703915305447 0.5490526439903778",
                "f 2416 0.6197120000000003 0.002306999999998745 0.377981000000001",
                "f 2369 0.46837700000000015 0.33140699999999956 0.20021600000000025",
                "f 2404 0.6423291166620609 0.10264163182571566 0.25502925151222344",
                "f 2416 0.805408085352583 0.0837320888022329 0.11085982584518406",
                "f 2404 0.058801999999999244 0.16969199999999915 0.7715060000000016",
                "f 2370 0.00035522904865614713 0.9072923887226986 0.09235238222864528",
                "f 2371 0.06993499999999966 0.7206579999999996 0.20940700000000076",
                "f 2404 0.36757388333794005 0.121279368174285 0.511146748487775",
                "f 2369 0.06319782530366486 0.4754250412182287 0.46137713347810644",
                "f 2369 0.5070980000000003 0.07726399999999989 0.4156379999999999",
                "f 2371 0.2998359999999998 0.5281939999999996 0.17197000000000057",
                "f 2369 0.2836840000000001 0.39110300000000037 0.3252129999999995",
                "f 851 0.229713 0.6342930000000001 0.1359939999999999",
                "f 854 0.5078189999999998 0.20530499999999982 0.2868760000000003",
                "f 2369 0.22731100000000026 0.1817419999999994 0.5909470000000003",
                "f 1965 0.06310300000000034 0.8408440000000005 0.09605299999999918",
                "f 853 0.5555936744533747 0.14815026269731144 0.2962560628493139",
                "f 873 0.6077090000000004 0.2623739999999999 0.12991699999999975",
                "f 854 0.057608999999999355 0.4844320000000007 0.457959",
                "f 1411 0.05777299999999777 0.7780300000000022 0.164197",
                "f 257 0.19267685164367854 0.15922547900842582 0.6480976693478957",
                "f 855 0.20708996028020102 0.7513515067387776 0.041558532981021384",
                "f 1305 0.2673540000000004 0.5958309999999996 0.136815",
                "f 1542 0.6567589999999983 0.17198000000000088 0.1712610000000008",
                "f 1548 0.319875 0.12857199999999874 0.5515530000000012",
                "f 1541 0.01774100000000134 0.03477999999999849 0.9474790000000002",
                "f 1573 0.3298115864790623 0.3908376993178046 0.27935071420313307",
                "f 1593 0.7241880000000006 0.07207600000000008 0.20373599999999936",
                "f 1593 0.2674953312618908 0.368285139820223 0.3642195289178863",
                "f 1574 0.007617999999999847 0.8865319999999998 0.10585000000000039",
                "f 1595 0.4421719999999999 0.1494699999999998 0.40835800000000033",
                "f 1307 0.6114349999999997 0.184715 0.20385000000000025",
                "f 1308 0.22425900000000032 0.05293799999999959 0.7228030000000001",
                "f 1312 0.405002 0.0996880000000002 0.4953099999999998",
                "f 880 0.21055782100332954 0.060968584274528434 0.728473594722142",
                "f 1315 0.45929763710819355 0.33309869806677783 0.20760366482502862",
                "f 883 0.5327273342066525 0.13179019906131226 0.3354824667320352",
                "f 877 0.23209500000000138 0.13141899999999898 0.6364859999999997",
                "f 879 0.701406758284447 0.05143313215547568 0.24716010956007728",
                "f 912 0.769025350877913 0.12632054015981609 0.1046541089622709",
                "f 853 0.12568100000000043 0.5871559999999997 0.2871629999999999",
                "f 1471 0.4223240000000007 0.004553999999999461 0.5731219999999998",
                "f 1469 0.8379469999999994 0.08728699999999957 0.07476600000000104",
                "f 1480 0.20896567386549192 0.6547239713482713 0.13631035478623676",
                "f 1470 0.08685999999999894 0.155614 0.757526000000001",
                "f 2098 0.519113 0.34290700000000024 0.13797999999999963",
                "f 2108 0.24418000000000095 0.46041899999999963 0.29540099999999936",
                "f 2111 0.3142809999999996 0.23318900000000062 0.45252999999999977",
                "f 2070 0.1209760000000002 0.29439999999999955 0.5846240000000003",
                "f 2071 0.8584889999999996 0.09523000000000074 0.04628099999999965",
                "f 1487 0.08548800000000067 0.3296269999999989 0.5848850000000004",
                "f 1598 0.02308800000000233 0.5600339999999986 0.4168779999999991",
                "f 1598 0.8280663021839056 0.08800363675234588 0.08393006106374848",
                "f 1482 0.241186941191337 0.10076613537951742 0.6580469234291456",
                "f 2063 0.27260899999999955 0.5419200000000002 0.1854710000000003",
                "f 2063 0.6445850000000007 0.05027399999999974 0.30514099999999955",
                "f 1597 0.09697300000000131 0.06984999999999977 0.833176999999999",
                "f 1481 0.37516400000000066 0.4777439999999994 0.14709199999999995",
                "f 1464 0.690228000000001 0.21168199999999912 0.09808999999999984",
                "f 1396 0.2697399999999992 0.5353750000000007 0.1948850000000001",
                "f 1399 0.10092636779878528 0.6375808150073934 0.26149281719382134",
                "f 1401 0.36123900000000175 0.01364199999999939 0.6251189999999989",
                "f 1384 0.20094099999999873 0.5759850000000003 0.22307400000000097",
                "f 2058 0.20017099999999965 0.37456199999999956 0.42526700000000073",
                "f 2021 0.03193099999999971 0.23058600000000132 0.737482999999999",
                "f 1990 0.16818440521798583 0.353663477283013 0.4781521174990012",
                "f 1463 0.34816999999999965 0.4994650000000006 0.15236499999999978",
                "f 2541 0.39162399999999964 0.22185599999999947 0.38652000000000086",
                "f 1990 0.3489134052179858 0.35470447728301324 0.29638211749900095",
                "f 1989 0.03866599999999987 0.010513000000000175 0.9508209999999999",
                "f 1990 0.6060075947820134 0.3929515227169878 0.001040882500998865",
                "f 2110 0.34151900000000057 0.6058840000000002 0.05259699999999922",
                "f 2020 0.06168600000000102 0.26755400000000007 0.6707599999999989",
                "f 1341 0.25018300000000027 0.09835200000000001 0.6514649999999997",
                "f 1363 0.3124630000000002 0.24255199999999988 0.4449849999999999",
                "f 2062 0.12959699999999974 0.08779699999999928 0.782606000000001",
                "f 1474 0.05617199999999943 0.8267850000000008 0.1170429999999998",
                "f 1361 0.2834935984266757 0.618647148562137 0.09785925301118732",
                "f 2539 0.6066779999999995 0.2078010000000008 0.18552099999999974",
                "f 2382 0.6269539999999998 0.2987990000000004 0.07424699999999979",
                "f 1598 0.4091263021839049 0.05670563675234717 0.5341680610637479",
                "f 2059 0.30850099999999964 0.4020299999999999 0.2894690000000005",
                "f 1595 0.04546411524612026 0.19257966729719303 0.7619562174566867",
                "f 1592 0.30458470143980154 0.036777800811014845 0.6586374977491836",
                "f 1988 0.05163714851460374 0.8017312886081297 0.14663156287726656",
                "f 2059 0.151259633635894 0.24650879484326296 0.6022315715208431",
                "f 2056 0.4484799999999996 0.21223399999999937 0.33928600000000103",
                "f 1594 0.39796399999999865 0.36472699999999936 0.237309000000002",
                "f 2050 0.4392139999999999 0.35445000000000004 0.20633600000000005",
                "f 2084 0.774518999999999 0.029183000000000785 0.19629800000000033",
                "f 1597 0.46570099999999987 0.1477200000000002 0.38657899999999995",
                "f 1597 0.1484720000000017 0.554466999999999 0.29706099999999924",
                "f 1631 0.07621199999999917 0.6497260000000011 0.2740619999999997",
                "f 1630 0.0957305308766998 0.18684511257547776 0.7174243565478224",
                "f 5668 0.5031259999999997 0.3436920000000001 0.1531820000000001",
                "f 5669 0.10381000000000018 0.07757699999999988 0.8186129999999999",
                "f 1367 0.6946288229928612 0.005467068313572976 0.2999041086935657",
                "f 1614 0.6215369999999997 0.02730399999999987 0.35115900000000044",
                "f 2371 0.635024 0.27647699999999964 0.08849900000000038",
                "f 1631 0.3793849999999991 0.17496100000000092 0.445654",
                "f 2063 0.058157000000000465 0.9341069999999999 0.007735999999999626",
                "f 2084 0.3661639999999995 0.02150600000000031 0.6123300000000002",
                "f 1560 0.005294872359104863 0.3734985174566313 0.6212066101842638",
                "f 1563 0.29095366913282356 0.25931132980443244 0.44973500106274394",
                "f 1364 0.41469585474982085 0.01616852645694095 0.5691356187932382",
                "f 1367 0.04150317700713935 0.28334093168642643 0.6751558913064343",
                "f 1365 0.15622431447974816 0.14734193666249074 0.6964337488577611",
                "f 5671 0.048246000000000344 0.006442999999999668 0.945311",
                "f 2383 0.741479 0.04937400000000008 0.20914699999999997",
                "f 2387 0.1640369999999997 0.7431490000000004 0.0928139999999999",
                "f 2406 0.05295900000000042 0.2312999999999998 0.7157409999999997",
                "f 2385 0.36084600000000006 0.5569909999999996 0.08216300000000037",
                "f 2407 0.24250699999999992 0.123322 0.634171",
                "f 2406 0.6058429999999999 0.010355999999999985 0.383801",
                "f 2370 0.6017047709513444 0.29080361127730053 0.10749161777135509",
                "f 2404 0.43592899999999996 0.2676119999999996 0.2964590000000005",
                "f 2369 0.1544060000000008 0.7265609999999988 0.11903300000000042",
                "f 2369 0.005724999999999869 0.20523900000000084 0.7890359999999993",
                "f 2369 0.3690759999999997 0.1466950000000006 0.48422899999999974",
                "f 1548 0.4023479999999993 0.5610969999999993 0.03655500000000141",
                "f 1616 0.7855259999999994 0.012765999999999977 0.20170800000000064",
                "f 1562 0.21616077622263807 0.012030053026107507 0.7718091707512544",
                "f 1599 0.47907313543526053 0.15271485876009652 0.368212005804643",
                "f 1592 0.32025700000000107 0.38574999999999987 0.2939929999999991",
                "f 1618 0.7246368409285292 0.18572499134291642 0.08963816772855437",
                "f 1617 0.0064310000000000755 0.10495099999999974 0.8886180000000001",
                "f 1628 0.35424100000000014 0.629733 0.01602599999999988",
                "f 1561 0.1926569999999987 0.7662420000000002 0.041101000000001095",
                "f 1617 0.3784350000000001 0.0874940000000006 0.5340709999999993",
                "f 1617 0.883449936103266 0.04437455325589551 0.07217551064083845",
                "f 1596 0.23024424928727039 0.15002334132175266 0.619732409390977",
                "f 1595 0.20234100000000024 0.6045409999999998 0.19311799999999998",
                "f 2099 0.2645070000000005 0.18253199999999992 0.5529609999999996",
                "f 2098 0.11252971646326791 0.782761348621625 0.10470893491510704",
                "f 2069 0.5006670000000008 0.49193899999999957 0.007393999999999631",
                "f 2068 0.32015600000000055 0.47822600000000004 0.20161799999999944",
                "f 1599 0.03352786456474027 0.5281101412399033 0.43836199419535643",
                "f 2061 0.4616070000000004 0.28644899999999984 0.2519439999999998",
                "f 1990 0.17153000000000104 0.6795939999999996 0.14887599999999937",
                "f 2021 0.9307160000000009 0.011526000000000721 0.057757999999998394",
                "f 1614 0.6180200881978687 0.3480830136588512 0.03389689814328016",
                "f 2050 0.1804450000000012 0.2194719999999996 0.6000829999999991",
                "f 2051 0.04284700000000091 0.4897289999999999 0.46742399999999923",
                "f 1615 0.28778645103237877 0.15088394042177886 0.5613296085458424",
                "f 1612 0.26655700000000015 0.2637650000000011 0.4696779999999987",
                "f 1570 0.00741700000000034 0.44182899999999997 0.5507539999999996",
                "f 1612 0.12017499999999989 0.6462820000000007 0.23354299999999942",
                "f 1618 0.2073191590714708 0.35982800865708187 0.43285283227144733",
                "f 1615 0.13352899999999968 0.08588299999999993 0.7805880000000004",
                "f 1615 0.2639580000000027 0.5056269999999996 0.23041499999999773",
                "f 2616 0.24213000000000207 0.0723029999999996 0.6855669999999984",
                "f 1556 0.013374001912892286 0.35627600053897585 0.6303499975481319",
                "f 1561 0.4629610000000014 0.44940000000000047 0.08763899999999812",
                "f 1616 0.2630359999999998 0.1069259999999996 0.6300380000000005",
                "f 1628 0.7275700000000009 0.22266499999999997 0.04976499999999907",
                "f 1615 0.5506440000000017 0.2287919999999996 0.2205639999999986",
                "f 1570 0.16082700000000122 0.546875 0.2922979999999988",
                "f 2057 0.028106999999999993 0.7211209999999996 0.25077200000000044",
                "f 1509 0.01504400000000039 0.06376200000000024 0.9211939999999994",
                "f 2492 0.30644952740901393 0.31371914624642144 0.37983132634456457",
                "f 1505 0.22251600000000027 0.48476699999999995 0.2927169999999998",
                "f 2493 0.6425969999999998 0.15001299999999987 0.20739000000000038",
                "f 1557 0.6522281665262417 0.16256032423579123 0.185211509237967",
                "f 1558 0.17915435730958668 0.7739919215284446 0.04685372116196868",
                "f 1568 0.2535235066309095 0.05250549782475996 0.6939709955443305",
                "f 1514 0.2225579999999996 0.6514120000000004 0.12602999999999998",
                "f 1571 0.43753800000000065 0.43877599999999944 0.12368599999999996",
                "f 1569 0.022690000000002486 0.644482 0.3328279999999975",
                "f 2591 0.11430999999999869 0.279966000000001 0.6057240000000003",
                "f 1565 0.2775239999999999 0.18534700000000434 0.5371289999999957",
                "f 1512 0.37986399999999976 0.40549000000000013 0.21464600000000014",
                "f 2496 0.16293499999999975 0.6291070000000002 0.20795800000000006",
                "f 2495 0.15453000000000022 0.34590799999999977 0.499562",
                "f 1510 0.3366025246142616 0.3465183402883546 0.3168791350973838",
                "f 2499 0.14277502201316872 0.41894848516282635 0.43827649282400494",
                "f 2497 0.00343099999999974 0.38539700000000204 0.6111719999999983",
                "f 2497 0.464238778585349 0.4039326647203234 0.13182855669432758",
                "f 2493 0.23071599999999975 0.47367699999999985 0.29560700000000034",
                "f 2495 0.6994170886587401 0.11189587242678611 0.18868703891447375",
                "f 2485 0.017710360306584072 0.4958504142828923 0.4864392254105236",
                "f 2500 0.7616529999999999 0.1298600000000005 0.10848699999999961",
                "f 2589 0.5956140000000031 0.37877700000000025 0.025608999999996628",
                "f 1559 0.7044620000000003 0.18761899999999984 0.10791899999999989",
                "f 1557 0.5981839999999998 0.36040599999999773 0.041410000000002424",
                "f 1559 0.29196399999999845 0.38025400000000026 0.32778200000000124",
                "f 1558 0.30833000000000016 0.4638199999999999 0.22784999999999994",
                "f 1570 0.43534900000000154 0.0218210000000002 0.5428299999999983",
                "f 1570 0.5763980000000002 0.1372229999999998 0.286379",
                "f 1559 0.45134900000000133 0.5116519999999998 0.0369989999999989",
                "f 1571 0.041791000000001355 0.2680519999999982 0.6901570000000005",
                "f 1557 0.22454300000000005 0.6105710000000003 0.16488599999999964",
                "f 1557 0.3581511665262422 0.26672432423578973 0.3751245092379681",
                "f 1557 0.0691390000000004 0.018927000000002817 0.9119339999999968",
                "f 1515 0.03789117580659529 0.24552439068985224 0.7165844335035525",
                "f 1510 0.028646999999999534 0.27370999999999973 0.6976430000000008",
                "f 1564 0.7066399999999999 0.012889999999997003 0.2804700000000031",
                "f 1615 0.9682779999999995 0.014658000000000141 0.017064000000000336",
                "f 1570 0.26708470419314595 0.6537202865797171 0.07919500922713692",
                "f 1571 0.41809699999999905 0.07077000000000112 0.5111329999999998",
                "f 1564 0.1989743388281805 0.2684281202986146 0.5325975408732049",
                "f 1613 0.3020370000000003 0.20409700000000044 0.4938659999999993",
                "f 1613 0.5704399999999997 0.10913599999999898 0.32042400000000126",
                "f 1569 0.29365353197484334 0.2551571558165033 0.4511893122086533",
                "f 2590 0.3423500000000001 0.33401400000000014 0.32363599999999976",
                "f 2591 0.09095931002742469 0.5877121476963454 0.3213285422762299",
                "f 2590 0.5408009999999999 0.04940700000000002 0.40979200000000016",
                "f 1565 0.7119238528683622 0.1918608637707946 0.09621528336084317",
                "f 1567 0.07641704078111744 0.2728007820478899 0.6507821771709926",
                "f 1566 0.3379901101508195 0.46252348979375346 0.1994864000554271",
                "f 2588 0.1420660064481808 0.04978660946724562 0.8081473840845735",
                "f 2589 0.6902736780970453 0.26896564210663443 0.04076067979632029",
                "f 2498 0.3406950000000003 0.46917000000000086 0.19013499999999886",
                "f 2496 0.04274099999999992 0.014660999999999303 0.9425980000000008",
                "f 2588 0.421238999999996 0.548621 0.030140000000003976",
                "f 2496 0.7088269999999999 0.15915600000000066 0.13201699999999952",
                "f 2499 0.5169859779868309 0.1288765148371741 0.35413750717599507",
                "f 1512 0.13558700000000004 0.6731850000000001 0.19122799999999981",
                "f 2492 0.04470799999999986 0.38931499999999986 0.5659770000000003",
                "f 2495 0.5288870886587391 0.3639978724267867 0.1071150389144741",
                "f 1515 0.6777880000000001 0.30775299999999994 0.014458999999999991",
                "f 2494 0.35480076444858444 0.07987120022520021 0.5653280353262153",
                "f 2494 0.20373676444858346 0.6974962002251995 0.09876703532621701",
                "f 2497 0.013452000000000242 0.04965499999999908 0.9368930000000006",
                "f 2497 0.2361080000000001 0.09002299999999967 0.6738690000000003",
                "f 2500 0.16332000000000124 0.22797000000000012 0.6087099999999986",
                "f 2485 0.09190500000000124 0.8636209999999994 0.044473999999999354",
                "f 2500 0.5657209999999997 0.09450800000000033 0.339771",
                "f 2497 0.5038277785853487 0.0893066647203257 0.4068655566943257",
                "f 2497 0.8413469999999997 0.055838000000000984 0.10281499999999935",
                "f 2493 0.18421100000000035 0.09282899999999998 0.7229599999999997",
                "f 2497 0.18887900000000013 0.44985899999999956 0.3612620000000003",
                "f 2497 0.1482647785853492 0.682950664720324 0.16878455669432685",
                "f 2493 0.27712169597305025 0.6808073141626194 0.042070989864330326",
                "f 2493 0.43227900000000014 0.30701300000000065 0.2607079999999992",
                "f 2493 0.36599000000000104 0.08215099999999984 0.5518589999999991",
                "f 2493 0.042451000000000794 0.7927070000000004 0.16484199999999882",
                "f 2493 0.09098400000000084 0.4752360000000005 0.4337799999999987",
                "f 1563 0.14181433086717507 0.6401626701955687 0.2180229989372562",
                "f 1558 0.7640149999999998 0.1438609999999995 0.09212400000000076",
                "f 420 0.12653257631561898 0.17677028626022884 0.6966971374241522",
                "f 425 0.5091520000000012 0.3765349999999998 0.11431299999999898",
                "f 422 0.32798599999999994 0.4952970000000001 0.17671699999999996",
                "f 425 0.25227499999999936 0.12534399999999973 0.622381000000001",
                "f 445 0.31686400000000003 0.577984000000001 0.10515199999999889",
                "f 1573 0.5006739999999978 0.05562500000000128 0.4437010000000009",
                "f 1677 0.48331899999999994 0.0040750000000000465 0.512606",
                "f 1683 0.9448839999999998 0.026433000000000016 0.02868300000000015",
                "f 1679 0.9008680000000001 0.07544399999999991 0.02368799999999997",
                "f 1676 0.194020999999999 0.695279 0.11070000000000102",
                "f 1677 0.13709300000000008 0.477007 0.38589999999999997",
                "f 427 0.17650799999999878 0.27573400000000164 0.5477579999999995",
                "f 426 0.03533500000000203 0.905352999999999 0.059311999999999004",
                "f 1646 0.6284779999999999 0.16372 0.2078020000000001",
                "f 440 0.13697099999999973 0.8562859999999998 0.006743000000000496",
                "f 1660 0.9165265800656202 0.06772868864413656 0.015744731290243234",
                "f 1646 0.33881800000000106 0.14137299999999994 0.519808999999999",
                "f 441 0.2524000000000003 0.5008649999999998 0.2467349999999999",
                "f 436 0.17914000000000052 0.01414800000000014 0.8067119999999993",
                "f 439 0.0033500000000006303 0.4292379999999996 0.5674119999999998",
                "f 437 0.5558760843700156 0.349104428659226 0.0950194869707585",
                "f 437 0.3141010000000005 0.147468 0.5384309999999995",
                "f 203 0.10053100000000048 0.023118999999999928 0.8763499999999996",
                "f 1678 0.21412777385584275 0.6070294652149842 0.178842760929173",
                "f 1693 0.9879909587852264 0.005381337708494488 0.006627703506279168",
                "f 1692 0.5278485174674444 0.4069734590084272 0.06517802352412842",
                "f 1690 0.20678899999999975 0.7871000000000005 0.006110999999999775",
                "f 446 0.45467499999999983 0.5272829999999994 0.01804200000000079",
                "f 440 0.4130760000000001 0.12162400000000059 0.46529999999999927",
                "f 1676 0.5224700000000008 0.024113999999999924 0.45341599999999926",
                "f 443 0.07605300000000026 0.31591300000000005 0.6080339999999996",
                "f 486 0.452312 0.5071430000000013 0.04054499999999866",
                "f 1678 0.7781649999999994 0.05683600000000003 0.16499900000000053",
                "f 448 0.44053300000000034 0.0964129999999999 0.4630539999999998",
                "f 445 0.22778200000000004 0.004635000000000087 0.7675829999999999",
                "f 489 0.7184140000000007 0.23580000000000012 0.045785999999999195",
                "f 491 0.44721400000000056 0.44157699999999955 0.11120899999999986",
                "f 450 0.17435800000000012 0.016920999999999905 0.808721",
                "f 451 0.24943600000000044 0.49702199999999974 0.2535419999999998",
                "f 166 0.08759900000000043 0.060976999999998394 0.8514240000000012",
                "f 198 0.46440799999999993 0.168809 0.3667830000000001",
                "f 199 0.23274299999999937 0.23602200000000081 0.5312349999999998",
