{
    "data": [
        {
            "name": "objShapefingers",
            "contactPoints": [
                "f 3593 0.5977599999999975 0.39619100000000246 0.006049000000000041",
                "f 3586 0.7189949999999999 0.24581099999999892 0.03519400000000113",
                "f 1683 0.05605100000000229 0.5963890000000004 0.3475599999999973",
                "f 1683 0.024629131814060012 0.9337688875509983 0.04160198063494169",
                "f 4269 0.339828872526801 0.6568951085328385 0.003276018940360477",
                "f 4337 0.3893159992536658 0.5926014828135676 0.018082517932766624",
                "f 3596 0.601408000000001 0.24585000000000415 0.15274199999999485",
                "f 4335 0.38584699999999944 0.4829619999999972 0.13119100000000333",
                "f 4336 0.3602200000000009 0.2932549999999991 0.34652499999999997",
                "f 3590 0.01647038757675029 0.49666252964488633 0.4868670827783634",
                "f 3597 0.1383326729728343 0.6795563255964426 0.18211100143072306",
                "f 3603 0.6603964886059112 0.002997094812038874 0.3366064165820499",
                "f 3276 0.11221999999999974 0.8411720000000033 0.04660799999999702",
                "f 3605 0.662323999999999 0.17799200000000107 0.15968399999999996",
                "f 3605 0.21851099999999835 0.5082650000000017 0.2732239999999999",
                "f 3276 0.22611199999999892 0.40297500000000647 0.37091299999999455",
                "f 3616 0.28749099999999894 0.254995000000001 0.4575140000000001",
                "f 4355 0.4176930000000002 0.5437920000000006 0.038514999999999217",
                "f 3611 0.24679899999999957 0.541052999999999 0.21214800000000142",
                "f 3610 0.39433399999999896 0.2619259999999999 0.34374000000000116",
                "f 4288 0.6744389999999993 0.2525380000000011 0.0730229999999996",
                "f 3595 0.07733099999999843 0.7900420000000015 0.1326270000000001",
                "f 3592 0.02002699999999763 0.6093570000000024 0.370616",
                "f 3591 0.22717600000000143 0.4358679999999997 0.33695599999999887",
                "f 3607 0.2881389999999997 0.14831300000000042 0.5635479999999999",
                "f 3273 0.5577510000000002 0.2561899999999996 0.18605900000000017",
                "f 3607 0.035257999999995016 0.0049940000000052095 0.9597479999999998",
                "f 3274 0.3405589999999996 0.06202900000000067 0.5974119999999997",
                "f 4282 0.5944117957648622 0.14583553135421765 0.25975267288092013",
                "f 1649 0.34948499999999916 0.025651999999999408 0.6248630000000014",
                "f 4279 0.04754799999999837 0.15613900000000006 0.7963130000000016",
                "f 3289 0.30893799999999993 0.07458899999999928 0.6164730000000008",
                "f 3289 0.06578599999999987 0.6895299999999996 0.24468400000000048",
                "f 4287 0.19607351346499294 0.5933428455160489 0.21058364101895818",
                "f 4278 0.43592200000000136 0.4562009999999989 0.10787699999999968",
                "f 4289 0.05810800000000116 0.3887310000000007 0.5531609999999981",
                "f 4268 0.22195199999999782 0.0815960000000015 0.6964520000000006",
                "f 3557 0.21553199999999972 0.018349000000002613 0.7661189999999977",
                "f 3557 0.5441049999999998 0.3048800000000049 0.15101499999999518",
                "f 3559 0.16759254821162167 0.678006681798476 0.15440076998990232",
                "f 4271 0.6749269999999968 0.28157099999999996 0.043502000000003156",
                "f 4271 0.2038180000000006 0.1326690000000001 0.6635129999999992",
                "f 3558 0.3227303181245075 0.4348562301207372 0.2424134517547553",
                "f 4271 0.3260729999999966 0.5773380000000001 0.09658900000000323",
                "f 3559 0.4300109999999994 0.13673500000000594 0.43325399999999464",
                "f 1624 0.00634600000000568 0.5754239999999999 0.4182299999999944",
                "f 3720 0.28975500000000076 0.28613600000000017 0.42410899999999907",
                "f 1622 0.016082010675889546 0.027237700174284174 0.9566802891498263",
                "f 1622 0.15298100000000092 0.6189130000000056 0.22810599999999348",
                "f 3719 0.8870119999999999 0.07091800000000012 0.042069999999999934",
                "f 3721 0.09329100000000023 0.45594999999999986 0.4507589999999999",
                "f 1611 0.2913540361795969 0.26487174956610976 0.4437742142542934",
                "f 4483 0.29503535958243415 0.5166522660420035 0.1883123743755623",
                "f 1612 0.1229719999999962 0.258071 0.6189570000000039",
                "f 4389 0.6388889999999996 0.22537200000000474 0.1357389999999956",
                "f 4486 0.7649802503391836 0.17398878578351806 0.061030963877298366",
                "f 1611 0.1378390000000007 0.8595670000000019 0.0025939999999974182",
                "f 3719 0.4361370000000009 0.3363519999999992 0.22751099999999994",
                "f 4453 0.05377499999999236 0.5931380000000077 0.35308699999999993",
                "f 4492 0.08923600000000331 0.040772999999996694 0.869991",
                "f 1626 0.07266876215710316 0.2181445970753978 0.709186640767499",
                "f 4679 0.01291500000000212 0.591571 0.3955139999999979",
                "f 3670 0.5374331695364705 0.27416440431289496 0.18840242615063457",
                "f 4345 0.13058400000000026 0.31342299999999873 0.5559930000000011",
                "f 3937 0.3504439999999976 0.5180700000000025 0.13148599999999994",
                "f 4455 0.037181085616728504 0.1661544524392012 0.7966644619440703",
                "f 4455 0.23184400000000116 0.7469829999999976 0.02117300000000122",
                "f 3933 0.5599160000000021 0.0495719999999979 0.390512",
                "f 3720 0.11592500000000647 0.8731410000000001 0.01093399999999347",
                "f 4482 0.19029600000000035 0.24445000000000008 0.5652539999999996",
                "f 4482 0.7588840000000006 0.064185 0.17693099999999942",
                "f 3722 0.20880300000000018 0.057348999999999824 0.733848",
                "f 4457 0.44909299999999946 0.27083500000000243 0.28007199999999816",
                "f 3725 0.059257000000000115 0.7942199999999999 0.14652299999999996",
                "f 3939 0.45873899999999657 0.047919999999999845 0.4933410000000036",
                "f 3725 0.33414500000000247 0.33928299999999745 0.3265720000000001",
                "f 4292 0.8258299999999984 0.002722000000000621 0.17144800000000096",
                "f 3287 0.17434399999999659 0.6778910000000034 0.14776500000000006",
                "f 4295 0.19313496332215518 0.12923874083148154 0.6776262958463632",
                "f 4678 0.008903999999999634 0.8701359999999968 0.12096000000000356",
                "f 3162 0.044922000000002654 0.7239859999999972 0.2310920000000001",
                "f 3162 0.19008400000000586 0.366352999999994 0.4435630000000002",
                "f 3162 0.6214309999999993 0.2888650000000006 0.08970400000000013",
                "f 1654 0.46120799999999984 0.2896800000000023 0.24911199999999775",
                "f 3566 0.3588682009307547 0.2612367466638115 0.3798950524054338",
                "f 3527 0.621570116732197 0.36871222535276305 0.009717657915040012",
                "f 3288 0.23510900000000012 0.037348999999993956 0.7275420000000059",
                "f 1661 0.04609399919140933 0.6328014829293739 0.3211045178792168",
                "f 3999 0.908836000000002 0.02024799999999953 0.07091599999999855",
                "f 4799 0.012197999999998627 0.7933079999999972 0.19449400000000414",
                "f 4799 0.46324100000000057 0.5175310000000014 0.019227999999998",
                "f 4000 0.09059700000000037 0.5810019999999995 0.32840100000000017",
                "f 4800 0.2551849999999988 0.5515140000000015 0.19330099999999975",
                "f 3525 0.10707300000000142 0.04447599999999837 0.8484510000000002",
                "f 1688 0.4242060000000021 0.45258099999999946 0.12321299999999849",
                "f 4800 0.4900790000000002 0.08094199999999971 0.42897900000000005",
                "f 4366 0.42509030755014193 0.5650303122325031 0.009879380217354943",
                "f 3257 0.7730289999999996 0.07361200000000237 0.15335899999999805",
                "f 3248 0.4736680000000001 0.4420339999999958 0.0842980000000041",
                "f 3245 0.708181 0.15481899999999996 0.1370000000000001",
                "f 4365 0.43942563610848323 0.2012726978451283 0.3593016660463885",
                "f 3686 0.5066140000000027 0.4769829999999974 0.016402999999999907",
                "f 3691 0.47260700000000105 0.05091899999999893 0.476474",
                "f 4290 0.3472910000000019 0.352376 0.3003329999999981",
                "f 3569 0.3969429999999978 0.09974100000000283 0.5033159999999993",
                "f 3532 0.009222442464654423 0.08059060059675952 0.9101869569385861",
                "f 4234 0.12384699999999671 0.062437000000003205 0.8137160000000001",
                "f 3285 0.6249230000000014 0.2085299999999981 0.16654700000000042",
                "f 4362 0.2982370000000037 0.6847889999999965 0.016973999999999767",
                "f 4363 0.4312849999999963 0.32255900000000004 0.24615600000000365",
                "f 4232 0.09649500000000472 0.44736600000000015 0.45613899999999513",
                "f 4366 0.038439307550141494 0.7574803122325072 0.20408038021735128",
                "f 4067 0.08158699999999933 0.7753470000000007 0.143066",
                "f 4802 0.568317 0.26798199999999744 0.1637010000000025",
                "f 4801 0.21989499999999756 0.7366500000000024 0.043455000000000084",
                "f 4412 0.8179130000000004 0.13343700000000008 0.04864999999999952",
                "f 3684 0.3271880000000034 0.34305700000000006 0.3297549999999965",
                "f 4666 0.14667500000000033 0.5184859999999998 0.3348389999999999",
                "f 4418 0.27920500000000137 0.3769539999999975 0.34384100000000106",
                "f 4415 0.5963579509319477 0.061508550046291376 0.34213349902176093",
                "f 4672 0.08409799999999718 0.6640620000000029 0.2518399999999999",
                "f 3941 0.540766000000004 0.37536399999999603 0.08386999999999999",
                "f 4671 0.8081419999999998 0.17141100000000617 0.020446999999994015",
                "f 1552 0.06864300000000038 0.8623629999999997 0.06899399999999996",
                "f 4672 0.7012940000000056 0.2953959999999945 0.0033099999999999723",
                "f 3164 0.10637407697017931 0.03191913215550212 0.8617067908743186",
                "f 3164 0.44918600000000075 0.12095200000000113 0.4298619999999981",
                "f 1549 0.15551699999999996 0.7266289999999994 0.11785400000000064",
                "f 3942 0.7843469999999997 0.04262100000000007 0.17303200000000024",
                "f 3164 0.34398092302982175 0.4719298678445025 0.18408920912567572",
                "f 3246 0.36012216144524617 0.32692772961463973 0.31295010894011405",
                "f 3688 0.09332099999999677 0.2625590000000031 0.6441200000000001",
                "f 3942 0.5009219999999964 0.325059 0.1740190000000036",
                "f 3154 0.13833300000000248 0.6279319999999966 0.23373500000000091",
                "f 3966 0.530589438770635 0.3377947061811762 0.13161585504818882",
                "f 3257 0.44994699999999976 0.029289000000000735 0.5207639999999994",
                "f 4383 0.6948793951842341 0.0777063484808424 0.22741425633492343",
                "f 3688 0.8576529999999974 0.007903000000002292 0.1344440000000002",
                "f 3161 0.13211699999999788 0.6014780000000021 0.26640500000000006",
                "f 4377 0.38500999999999785 0.11957899999999938 0.4954110000000027",
                "f 3943 0.12654999999999603 0.6448770000000034 0.2285730000000006",
                "f 4755 0.20144924260756425 0.15317746570982851 0.6453732916826073",
                "f 4756 0.32125946570094477 0.06294729182199894 0.6157932424770562",
                "f 3596 0.07584899999999978 0.5653340000000001 0.3588170000000001",
                "f 3602 0.25425941658582046 0.2958594886028989 0.44988109481128064",
                "f 4027 0.21059200000000014 0.6503580000000003 0.13904999999999954",
                "f 1664 0.4138913886003557 0.26297214299747707 0.32313646840216725",
                "f 4374 0.2578560000000002 0.4971729999999999 0.24497099999999997",
                "f 3133 0.4478990927308254 0.5300813433200197 0.02201956394915497",
                "f 4756 0.4749129999999995 0.30902700000000416 0.2160599999999964",
                "f 4662 0.10986599999999946 0.18799500000000008 0.7021390000000004",
                "f 1633 0.002979996982693356 0.2429333245656452 0.7540866784516614",
                "f 4026 0.19567465845594315 0.780559434375239 0.023765907168817862",
                "f 4376 0.28237699999999977 0.3413439999999999 0.37627900000000036",
                "f 1648 0.20399600000000476 0.6806639999999953 0.11533999999999997",
                "f 3644 0.01809399999999939 0.11866499999999985 0.8632410000000008",
                "f 1648 0.26475999999999933 0.27879000000000004 0.4564500000000006",
                "f 1646 0.21749809821494948 0.17674316545025848 0.605758736334792",
                "f 3257 0.11864200000000018 0.858316999999995 0.02304100000000482",
                "f 4335 0.2641429999999976 0.15839300000000067 0.5774640000000018",
                "f 4384 0.158823 0.735765000000001 0.10541199999999902",
                "f 3274 0.018434000000001838 0.25473899999999805 0.7268270000000001",
                "f 4385 0.28509639721065827 0.18820835279522388 0.5266952499941179",
                "f 4367 0.38214200000000126 0.19318599999999952 0.4246719999999992",
                "f 3653 0.4655090000000003 0.22151799999999944 0.3129730000000003",
                "f 4363 0.05934799999999807 0.6513079999999994 0.2893440000000025",
                "f 3644 0.7318970000000007 0.2215249999999999 0.04657799999999948",
                "f 3653 0.07896899999999946 0.6624329999999978 0.2585980000000027",
                "f 3655 0.36145000000000005 0.0392159999999989 0.599334000000001",
                "f 4364 0.1831420000000028 0.33535799999999677 0.4815000000000005",
                "f 4367 0.06226738021735578 0.47151830755014135 0.46621431223250287",
                "f 4364 0.44313900000000367 0.40317199999999614 0.15368900000000024",
                "f 1665 0.4293619999999997 0.0013500000000055076 0.5692879999999948",
                "f 1683 0.5065820000000014 0.19065599999999963 0.3027619999999989",
                "f 4267 0.3555009999999974 0.04805300000000005 0.5964460000000026",
                "f 3594 0.10315634665707912 0.6880539205230655 0.2087897328198554",
                "f 3289 0.5656295475232189 0.4213756803963334 0.012994772080447699",
                "f 3590 0.07736000000000365 0.7841679999999964 0.13847199999999993",
                "f 3585 0.30900800000000256 0.27394999999999736 0.4170420000000001",
                "f 4270 0.11942811244162665 0.36880501948918387 0.5117668680691895",
                "f 3814 0.13461099999999965 0.5326320000000005 0.3327569999999998",
                "f 4626 0.21671800000000552 0.08768000000000004 0.6956019999999945",
                "f 1563 0.7442099999999998 0.006409000000003164 0.249380999999997",
                "f 4626 0.577009999999995 0.278078 0.14491200000000493",
                "f 4635 0.10476400000000036 0.551213000000004 0.3440229999999957",
                "f 4337 0.5308690007463335 0.11249851718644432 0.35663248206722226",
                "f 3597 0.6016929999999987 0.3285910000000014 0.06971599999999986",
                "f 3606 0.4838299999999989 0.2428940000000001 0.2732760000000009",
                "f 1679 0.4166449999999965 0.08009600000000028 0.5032590000000032",
                "f 3607 0.05602199999999935 0.568205000000001 0.3757729999999997",
                "f 4281 0.2787373269905805 0.7020052042275888 0.019257468781830628",
                "f 4288 0.0025939999999999575 0.7783899999999985 0.21901600000000157",
                "f 3557 0.13973299999999997 0.8470370000000031 0.013229999999996876",
                "f 3559 0.616298999999999 0.3799459999999961 0.0037550000000048708",
                "f 4447 0.28867100000000023 0.08714499999999502 0.6241840000000047",
                "f 3235 0.5339079999999947 0.058865000000005406 0.40722699999999995",
                "f 3720 0.15984099999999923 0.07459499999999998 0.7655640000000008",
                "f 4453 0.46697500000000414 0.35993199999999587 0.17309299999999994",
                "f 4482 0.4662296307539888 0.4822596357084456 0.051510733537565544",
                "f 4637 0.05789799999999998 0.7401069999999994 0.20199500000000062",
                "f 3901 0.9626069999999883 0.011709000000011018 0.025684000000000592",
                "f 3898 0.07994155662032051 0.6781914260453618 0.24186701733431773",
                "f 3897 0.03463460502657645 0.2840059540766605 0.681359440896763",
                "f 3722 0.2600920000000023 0.20460199999999787 0.5353059999999998",
                "f 3714 0.18707599999999727 0.5652170000000025 0.2477070000000002",
                "f 3941 0.1132649999999995 0.31988600000000045 0.566849",
                "f 3933 0.045855132155508876 0.7539307908743131 0.20021407697017798",
                "f 3718 0.08304799999999962 0.4904860000000059 0.4264659999999944",
                "f 3940 0.2273225570236812 0.037357605364805375 0.7353198376115134",
                "f 4684 0.27327699999999966 0.17288 0.5538430000000003",
                "f 3162 0.652764561560659 0.008079604509025383 0.3391558339303156",
                "f 1564 0.6163500000000031 0.25101300000000004 0.13263699999999692",
                "f 3175 0.6235959167186307 0.24837626609537025 0.12802781718599912",
                "f 1564 0.07790712213678175 0.39060738347446816 0.5314854943887501",
                "f 4627 0.44634537703324745 0.09823449524405141 0.4554201277227012",
                "f 1562 0.3505909999999991 0.38195800000000435 0.26745099999999655",
                "f 3902 0.42138099999999684 0.3704280000000026 0.20819100000000051",
                "f 3896 0.5370860000000005 0.31695599999999585 0.14595800000000367",
                "f 3897 0.08132799999999524 0.5772140000000046 0.3414580000000002",
                "f 3907 0.30265769237598267 0.20649510018709533 0.49084720743692195",
                "f 3176 0.05974155938479206 0.8088703965880236 0.13138804402718432",
                "f 3690 0.10271200000000327 0.8406870000000005 0.05660099999999621",
                "f 4366 0.4029090000000005 0.0032009999999958803 0.5938900000000036",
                "f 3687 0.2600669999999985 0.17403399999999988 0.5658990000000016",
                "f 4617 0.016382999999995984 0.5779990000000133 0.40561799999999076",
                "f 4363 0.022410831039546997 0.2644636607668131 0.7131255081936398",
                "f 3173 0.18025299999998784 0.40946200000001065 0.4102850000000015",
                "f 4659 0.5630269999999984 0.277694000000006 0.15927899999999567",
                "f 3812 0.3796710000000012 0.2301920000000015 0.3901369999999973",
                "f 3813 0.47835500000000897 0.007472999999991234 0.5141719999999999",
                "f 4672 0.22637700000000172 0.6785499999999983 0.09507299999999998",
                "f 3942 0.15101300000000106 0.22019299999999997 0.628793999999999",
                "f 1549 0.5317190000000007 0.4316230000000019 0.036657999999997366",
                "f 4383 0.07592839518423056 0.40536034848084224 0.5187112563349272",
                "f 3943 0.8871950000000015 0.08658199999999835 0.02622300000000015",
                "f 4025 0.9533609999999997 0.0012500000000021394 0.0453889999999981",
                "f 4376 0.47165899999999755 0.44041000000000236 0.08793100000000004",
                "f 4375 0.0697580000000042 0.14358799999999974 0.7866539999999961",
                "f 3821 0.2636140000000041 0.604117999999996 0.1322679999999998",
                "f 4385 0.11867599999999914 0.8210009999999999 0.06032300000000099",
                "f 3654 0.35899663203269844 0.4508521013089718 0.19015126665832977",
                "f 4368 0.8883880000000011 0.09867200000000084 0.012939999999998045",
                "f 3260 0.35793300000000117 0.033349000000000024 0.6087179999999988",
                "f 4364 0.04123800000000111 0.6329819999999993 0.3257799999999996",
                "f 4635 0.4400349999999998 0.2786939999999917 0.28127100000000843",
                "f 3814 0.29266797753658236 0.6888910486142112 0.018440973849206427",
                "f 3905 0.3720710000000045 0.043645999999996105 0.5842829999999994",
                "f 4626 0.10055200000000492 0.4349280000000001 0.464519999999995",
                "f 3818 0.5307650000000053 0.31883999999999413 0.15039500000000058",
                "f 3905 0.6108389999999977 0.22303700000000193 0.16612400000000033",
                "f 3820 0.305561434068044 0.42691197489303545 0.26752659103892057",
                "f 3204 0.17663800000000013 0.6179069999999903 0.20545500000000955",
                "f 1561 0.17634900000000087 0.09995199999999815 0.723699000000001",
                "f 3814 0.03265300000000093 0.2888500000000005 0.6784969999999986",
                "f 1564 0.10428712213677505 0.09333538347446829 0.8023774943887566",
                "f 1561 0.35256299999999996 0.5782900000000081 0.06914699999999195",
                "f 3896 0.18689744726036972 0.33510259956191096 0.47799995317771926",
                "f 3902 0.3993749999999977 0.04681900000000218 0.5538060000000001",
                "f 4557 0.2270900000000058 0.4775279999999995 0.2953819999999947",
                "f 3175 0.3925240000000036 0.14103199999999672 0.4664439999999997",
                "f 1562 0.13469100000000012 0.010852000000003116 0.8544569999999968",
                "f 4557 0.6983220000000039 0.22604899999999942 0.07562899999999674",
                "f 3819 0.06511600000000073 0.873599 0.06128499999999926",
                "f 3202 0.36552599999999835 0.24269500000000163 0.391779",
                "f 3202 0.43185443586829686 0.5138019646774831 0.0543435994542201",
                "f 3896 0.9723919999999994 0.013170000000008997 0.01443799999999157",
                "f 4557 0.10438800000000736 0.02091899999999906 0.8746929999999936",
                "f 4558 0.4078797024340472 0.4219487302137158 0.17017156735223699",
                "f 4553 0.7492450000000003 0.1936000000000019 0.05715499999999781",
                "f 3813 0.6568689999999971 0.3321330000000028 0.010998000000000042",
                "f 4636 0.241391421891465 0.39733265663543627 0.3612759214730987",
                "f 3819 0.3023469999999975 0.48048300000000027 0.21717000000000233",
                "f 1587 0.22073542374862642 0.28484031700688023 0.4944242592444933",
                "f 3204 0.6897630000000003 0.21192400000000752 0.09831299999999213",
                "f 1613 0.13943199999999356 0.5806779999999995 0.27989000000000697",
                "f 3750 0.2749569999999964 0.42139400000000327 0.30364900000000034",
                "f 3227 0.4051941514437275 0.2471739493553488 0.34763189920092363",
                "f 1589 0.07010700000000081 0.37642600000000265 0.5534669999999966",
                "f 3822 0.3367009299136584 0.2724205155789329 0.3908785545074087",
                "f 3201 0.31906655269409806 0.1890109261579333 0.4919225211479686",
                "f 3760 0.9751859999999941 0.002803000000006058 0.022010999999999774",
                "f 3823 0.6942625544001525 0.26032593007447613 0.04541151552537137",
                "f 4563 0.09825000000000236 0.7035540000000018 0.19819599999999585",
                "f 4479 0.6750999999999974 0.17442500000000064 0.15047500000000205",
                "f 3835 0.4866811095220903 0.36312982797640053 0.15018906250150912",
                "f 4474 0.1264229112769626 0.21797900041357576 0.6555980883094616",
                "f 1614 0.6088569999999993 0.12913800000000022 0.2620050000000005",
                "f 1616 0.25220499999999685 0.3015000000000021 0.44629500000000105",
                "f 4480 0.011176000000000297 0.3843719999999992 0.6044520000000004",
                "f 3740 0.687686999999991 0.30480299999999955 0.007510000000009509",
                "f 3228 0.3811450000000025 0.1386160000000004 0.4802389999999971",
                "f 3749 0.1555679999999997 0.5056649999999963 0.33876700000000404",
                "f 3750 0.20477399999999957 0.15636500000000073 0.6388609999999997",
                "f 3750 0.6572890000000051 0.30786099999999567 0.03484999999999915",
                "f 3751 0.4745648197755703 0.18763338854000128 0.3378017916844285",
                "f 4476 0.6851289999999953 0.25200199999999956 0.0628690000000051",
                "f 4552 0.3725209999999978 0.5639390000000021 0.06354000000000008",
                "f 1589 0.14554097279210287 0.08529702999272801 0.7691619972151691",
                "f 3822 0.874251070086328 0.011486484421067058 0.11426244549260502",
                "f 3822 0.09762099999999985 0.16985800000000015 0.732521",
                "f 3204 0.3675480000000002 0.1043459999999893 0.5281060000000105",
                "f 3823 0.24951644559983854 0.22451906992553236 0.5259644844746291",
                "f 1589 0.1323819999999989 0.7893470000000056 0.07827099999999552",
                "f 3823 0.5726380000000055 0.013131999999993588 0.4142300000000008",
                "f 1589 0.3949419999999997 0.035522999999995 0.5695350000000053",
                "f 1589 0.2514219999999991 0.48398799999999664 0.26459000000000427",
                "f 3822 0.549924999999996 0.3789570000000001 0.07111800000000387",
                "f 3222 0.604829999999997 0.2901950000000026 0.10497500000000042",
                "f 3759 0.10562300000000124 0.6255880000000003 0.2687889999999985",
                "f 3760 0.04554299999999828 0.6684550000000021 0.2860019999999996",
                "f 1587 0.8801489999999985 0.02992400000000083 0.08992700000000067",
                "f 3823 0.16384400000000043 0.6393219999999994 0.19683400000000018",
                "f 3201 0.05529599999999829 0.6828260000000016 0.2618780000000001",
                "f 3201 0.893681000000004 0.07735999999999613 0.028958999999999797",
                "f 1587 0.5341520000000113 0.46452299999999763 0.0013249999999911583",
                "f 4563 0.40384299999999884 0.3072649999999996 0.2888920000000015",
                "f 3833 0.6162649999999996 0.20733900000000377 0.17639599999999667",
                "f 3833 0.8781009999999984 0.06060900000000487 0.06128999999999669",
                "f 4474 0.5274819999999991 0.1772440000000002 0.29527400000000076",
                "f 1585 0.495123999999999 0.37669500000000006 0.12818100000000102",
                "f 1585 0.2040800000000023 0.7471470000000006 0.04877299999999715",
                "f 4475 0.1089449113354799 0.1683030896502583 0.7227519990142618",
                "f 4476 0.6430830000000041 0.14826900000000007 0.2086479999999958",
                "f 1614 0.5592369999999945 0.40671799999999875 0.03404500000000662",
                "f 4472 0.5975432317618062 0.24164072218901636 0.16081604604917743",
                "f 4472 0.40348123176179235 0.12059472218902867 0.475924046049179",
                "f 4471 0.10522300000000051 0.2350029999999997 0.6597739999999997",
                "f 1616 0.5004540000000038 0.30654399999999576 0.19300200000000045",
                "f 4479 0.288058000000002 0.3176550000000003 0.3942869999999978",
                "f 4480 0.24829198631155824 0.6001258408533853 0.15158217283505648",
                "f 3750 0.773340999999997 0.032365000000002836 0.19429400000000013",
                "f 4470 0.15108800000000344 0.31010199999999716 0.5388099999999993",
                "f 4470 0.359768999999991 0.5573430000000082 0.08288800000000077",
                "f 4481 0.03208200000000139 0.29518100000000125 0.6727369999999974",
                "f 3740 0.2625500000000024 0.4791620000000012 0.2582879999999964",
                "f 3740 0.2722070000000026 0.2350420000000002 0.4927509999999972",
                "f 3741 0.2094400000000004 0.08857900000000143 0.7019809999999982",
                "f 3740 0.2549807782066555 0.7093611512215078 0.035658070571836724",
                "f 3741 0.5003801528958123 0.28739804962629567 0.2122217974778921",
                "f 3751 0.09888400000000025 0.5412599999999979 0.3598560000000019",
                "f 3228 0.06780699999999884 0.23789500000000016 0.694298000000001",
                "f 3749 0.02914582701402324 0.21094936388279115 0.7599048091031856",
                "f 4481 0.22066500000000033 0.6674799999999995 0.11185500000000016",
                "f 3749 0.5002620000000007 0.07520600000000081 0.4245319999999986",
                "f 3740 0.7334042217933384 0.08459284877849121 0.18200292942817028",
                "f 3751 0.002289999999999126 0.032318000000004066 0.9653919999999968",
                "f 3751 0.2969608197755701 0.20689438854000583 0.49614479168442405",
                "f 3750 0.24262800000000734 0.28590299999999313 0.4714689999999995",
                "f 3749 0.5909730000000004 0.28398999999999847 0.12503700000000123",
                "f 3751 0.13617099999999993 0.14044399999999757 0.7233850000000025",
                "f 3749 0.29275100000000126 0.6364959999999986 0.07075300000000014",
                "f 3813 0.03841899999999754 0.5866290000000025 0.37495199999999995",
                "f 3614 0.04478600000000081 0.843592000000001 0.11162199999999818",
                "f 3610 0.10614100000000101 0.7034950000000001 0.1903639999999989",
                "f 3613 0.038179999999998215 0.41008299999999726 0.5517370000000045",
                "f 3614 0.5234489999999994 0.2762499999999961 0.20030100000000445",
                "f 3613 0.5199273277885599 0.15779020965259272 0.3222824625588474",
                "f 4637 0.23316107807200315 0.11896957184610311 0.6478693500818937",
                "f 3615 0.24037900000000023 0.4737809999999996 0.2858400000000002",
                "f 3676 0.0739279999999991 0.30718699999999943 0.6188850000000015",
                "f 4358 0.4876790968017418 0.0021552402408174555 0.5101656629574407",
                "f 3623 0.14862299999999873 0.005135000000001214 0.846242",
                "f 3609 0.07786499999999974 0.2641769999999986 0.6579580000000017",
                "f 3676 0.3975009999999994 0.5409550000000022 0.06154399999999842",
                "f 3670 0.2396239999999938 0.6428970000000002 0.11747900000000604",
                "f 3611 0.623177 0.23502600000000018 0.14179699999999987",
                "f 3612 0.2653787903473981 0.5897305374411624 0.14489067221143945",
                "f 3675 0.1937489999999994 0.6996680000000006 0.106583",
                "f 4298 0.2326090000000003 0.2698529999999987 0.49753800000000103",
                "f 3563 0.29409799999999675 0.39799600000000257 0.3079060000000007",
                "f 1655 0.17381700000000022 0.14274400000000498 0.6834389999999948",
                "f 1674 0.41096199999999955 0.3569880000000024 0.23204999999999804",
                "f 3577 0.08912700000000007 0.19635299999999598 0.7145200000000039",
                "f 3577 0.2597489999999981 0.6818150000000004 0.0584360000000015",
                "f 4295 0.5933559999999998 0.3190319999999988 0.0876120000000013",
                "f 4352 0.9531689999999998 0.011590999999999671 0.03524000000000051",
                "f 3623 0.6582230000000044 0.32834699999999545 0.01343",
                "f 3624 0.016395999999998967 0.36077999999999977 0.6228240000000013",
                "f 3267 0.43566199999999794 0.3476530000000019 0.21668500000000018",
                "f 4350 0.25792700000000124 0.31512199999999957 0.4269509999999992",
                "f 4361 0.3531169999999997 0.15343500000000143 0.4934479999999989",
                "f 3566 0.27776379906925097 0.6237702533361826 0.0984659475945664",
                "f 3562 0.2894509999999999 0.31708899999999957 0.3934600000000006",
                "f 4359 0.07529599999999927 0.9140069999999985 0.01069700000000228",
                "f 1675 0.04554599999999964 0.4435350000000036 0.5109189999999968",
                "f 4293 0.6261450282230698 0.0775752653092279 0.29627970646770235",
                "f 3288 0.26847 0.6723219999999978 0.05920800000000224",
                "f 3561 0.26807199999999926 0.7052320000000009 0.02669599999999987",
                "f 3571 0.11000400000000188 0.44501499999999794 0.4449810000000002",
                "f 3144 0.6072829999999999 0.2797570000000011 0.11295999999999899",
                "f 4799 0.25729099999999977 0.471048 0.2716610000000002",
                "f 3999 0.14596599999999615 0.37263400000000024 0.4814000000000036",
                "f 3142 0.3088979211775337 0.5578920435214473 0.13321003530101905",
                "f 4800 0.13531899999999986 0.11297100000000271 0.7517099999999974",
                "f 4796 0.15048599999999565 0.6830119999999997 0.16650200000000462",
                "f 4802 0.05884024520035547 0.06697783175477852 0.874181923044866",
                "f 3528 0.2566270000000012 0.5249139999999995 0.21845899999999924",
                "f 4264 0.1220793339012693 0.4943304794699682 0.3835901866287625",
                "f 3533 0.633432999999996 0.3099120000000041 0.05665499999999991",
                "f 1686 0.25356500000000076 0.6603849999999989 0.08605000000000036",
                "f 4263 0.18093881064065134 0.7353926652419565 0.0836685241173922",
                "f 3299 0.8288838830113513 0.01013877493800708 0.1609773420506416",
                "f 4796 0.2688730000000019 0.5346560000000001 0.19647099999999795",
                "f 4800 0.3949739999999991 0.20018800000000056 0.4048380000000003",
                "f 4291 0.3960660000000006 0.038779000000001326 0.5651549999999981",
                "f 1676 0.39788058551410377 0.19803860565887146 0.4040808088270248",
                "f 1675 0.37014999999999987 0.02622299999999824 0.6036270000000019",
                "f 3529 0.022171883006515153 0.7794647749434969 0.19836334204998798",
                "f 3560 0.25377699999999936 0.1380289999999986 0.608194000000002",
                "f 3561 0.44859599999999644 0.19382200000000357 0.35758199999999996",
                "f 3569 0.05393100000000099 0.8376429999999989 0.10842600000000009",
                "f 4299 0.27134699999999895 0.39038800000000135 0.33826499999999976",
                "f 4301 0.04183599999999987 0.04788200000000415 0.9102819999999959",
                "f 3570 0.6013269999999994 0.11889399999999997 0.27977900000000067",
                "f 3535 0.0709780000000012 0.2615469999999984 0.6674750000000004",
                "f 3530 0.5640139999999996 0.08879400000000054 0.34719199999999995",
                "f 4300 0.04327255634751975 0.679328161639277 0.27739928201320324",
                "f 3297 0.5773440000000026 0.4191399999999969 0.003516000000000384",
                "f 4802 0.23379500000000014 0.5361870000000001 0.23001799999999978",
                "f 3298 0.5944374440238005 0.11471959568831941 0.2908429602878801",
                "f 3570 0.03359100000000395 0.8236839999999995 0.14272499999999652",
                "f 3570 0.1799471423766798 0.4771649950403521 0.34288786258296816",
                "f 1673 0.47420999999999935 0.29088499999999384 0.23490500000000678",
                "f 4236 0.039833000000000285 0.7486190000000064 0.21154799999999335",
                "f 4317 0.12536599999999964 0.09717599999999783 0.7774580000000025",
                "f 4235 0.3799930000000001 0.2884840000000021 0.33152299999999774",
                "f 4237 0.07471743441096867 0.16176964617938192 0.7635129194096494",
                "f 4237 0.1024964344109649 0.31221064617938554 0.5852929194096496",
                "f 4232 0.35070900000000393 0.31553500000000023 0.33375599999999583",
                "f 4234 0.45592299999999897 0.402239000000001 0.14183800000000002",
                "f 4234 0.49076293598772813 0.2601549867015117 0.24908207731076018",
                "f 4067 0.17245699999999695 0.793615000000003 0.03392800000000009",
                "f 4801 0.02088100000000037 0.3658719999999997 0.6132469999999999",
                "f 4801 0.480476999999996 0.03237300000000394 0.48715",
                "f 4067 0.05016600000000282 0.35609499999999716 0.593739",
                "f 4233 0.5940100000000003 0.29745800000000233 0.10853199999999745",
                "f 4067 0.3357549999999992 0.40966800000000086 0.254577",
                "f 4799 0.6737943331132643 0.32001113479933413 0.0061945320874015235",
                "f 4068 0.7538900000000011 0.03759500000000002 0.20851499999999895",
                "f 4067 0.6558490000000012 0.25382199999999877 0.09032899999999994",
                "f 4802 0.7849807547996445 0.007661168245222355 0.20735807695513317",
                "f 4796 0.2988749999999988 0.369223 0.33190200000000114",
                "f 4800 0.5853359999999996 0.1279390000000017 0.2867249999999987",
                "f 4801 0.40542399999999873 0.26538100000000125 0.32919500000000007",
                "f 4801 0.5885990000000019 0.2467869999999982 0.16461399999999987",
                "f 1634 0.08908799999999972 0.5980969999999995 0.31281500000000073",
                "f 3683 0.41945800000000083 0.3114529999999991 0.2690890000000001",
                "f 4666 0.727101 0.24051999999999993 0.032379000000000005",
                "f 4417 0.08577599999999364 0.4499730000000063 0.4642510000000001",
                "f 4665 0.45012299999999916 0.01747100000000427 0.5324059999999966",
                "f 4412 0.14504600000000156 0.2877530000000001 0.5672009999999983",
                "f 4416 0.395222999999999 0.3919609999999957 0.21281600000000533",
                "f 4668 0.6694209999999997 0.01676800000000425 0.31381099999999607",
                "f 4662 0.037427000000002375 0.8021549999999998 0.16041799999999778",
                "f 4664 0.37392199999999964 0.06841599999999999 0.5576620000000003",
                "f 3163 0.036520000000000885 0.016028999999999433 0.9474509999999997",
                "f 4669 0.46349717379522043 0.4118848284609068 0.12461799774387276",
                "f 1550 0.3082449977709575 0.3145711742976094 0.3771838279314331",
                "f 3664 0.4449990000000025 0.43472099999999697 0.1202800000000005",
                "f 4667 0.3908599628621864 0.5103119542632787 0.09882808287453496",
                "f 4670 0.252695000000001 0.09866300000000193 0.648641999999997",
                "f 4665 0.25659096289954325 0.7396509541474852 0.003758082952971576",
                "f 4665 0.07293100000000063 0.05467199999999965 0.8723969999999998",
                "f 3967 0.18989914166148497 0.46945855930568514 0.3406422990328299",
                "f 1635 0.463536049012074 0.2260474499786906 0.31041650100923535",
                "f 4410 0.6339650000000039 0.27874599999999994 0.08728899999999619",
                "f 1636 0.5237519999999991 0.028122999999999978 0.44812500000000094",
                "f 3598 0.31034900000000004 0.21309200000000145 0.47655899999999857",
                "f 3601 0.2073253365366038 0.0879458067241483 0.7047288567392479",
                "f 3600 0.46062580679813064 0.1434298567755128 0.39594433642635657",
                "f 1662 0.9063319452982943 0.02563852182686616 0.06802953287483952",
                "f 3685 0.08749499999999971 0.4880970000000002 0.42440800000000006",
                "f 4663 0.40269599999999955 0.31182399999999644 0.285480000000004",
                "f 4662 0.6604890000000002 0.09765300000000006 0.24185799999999966",
                "f 3680 0.21900800000000098 0.018197999999997064 0.762794000000002",
