{
    "data": [
        {
            "name": "objShapefingers",
            "contactPoints": [
                "f 497 0.10520700000000006 0.8180589999999986 0.07673400000000129",
                "f 3485 0.3603250000000005 0.1623149999999996 0.47735999999999995",
                "f 3486 0.5601494969038265 0.3080735450863503 0.13177695800982314",
                "f 543 0.4163273215009285 0.1355351812997126 0.44813749719935897",
                "f 3486 0.03361899999999959 0.9512190000000004 0.015162000000000043",
                "f 3487 0.2629689999999999 0.16237099999999935 0.5746600000000007",
                "f 3485 0.14853632646237047 0.04268266192190538 0.8087810116157241",
                "f 3482 0.33047899999999936 0.5098670000000006 0.15965400000000002",
                "f 540 0.25855099999999964 0.2889280000000003 0.45252100000000006",
                "f 540 0.06691100000000072 0.42248699999999956 0.5106019999999997",
                "f 502 0.5411019999999996 0.05179500000000003 0.4071030000000003",
                "f 3481 0.0005319999999995884 0.5714890000000005 0.42797899999999994",
                "f 3483 0.14888215831934798 0.44707045928005584 0.4040473824005962",
                "f 503 0.49238600000000005 0.05202700000000033 0.4555869999999996",
                "f 3444 0.05679700000000121 0.14125799999999955 0.8019449999999992",
                "f 3480 0.36476200000000114 0.5413909999999988 0.09384700000000003",
                "f 3769 0.10659900000000233 0.10068699999999818 0.7927139999999995",
                "f 721 0.1804746764927656 0.03265014783452252 0.7868751756727119",
                "f 536 0.39463100000000056 0.45272899999999977 0.15263999999999972",
                "f 3477 0.0466610000000003 0.8355439999999997 0.11779499999999997",
                "f 3674 0.1903009999999995 0.3619280000000004 0.44777100000000003",
                "f 506 0.3307169999999995 0.4299189999999999 0.2393640000000006",
                "f 3477 0.598330999999999 0.32488800000000095 0.07678100000000007",
                "f 3444 0.13168612294895976 0.7349909123969823 0.1333229646540579",
                "f 3732 0.3742049999999999 0.4424829999999999 0.1833120000000001",
                "f 3731 0.14873047631224137 0.6302744011436618 0.22099512254409678",
                "f 3735 0.42571199999999926 0.48457399999999967 0.08971400000000111",
                "f 788 0.3267120000000002 0.6427390000000003 0.030548999999999514",
                "f 788 0.03950099999999704 0.8104340000000024 0.15006500000000053",
                "f 784 0.20007299999999956 0.46657099999999974 0.3333560000000007",
                "f 787 0.8240778937523776 0.11825870195914441 0.05766340428847795",
                "f 985 0.5433230000000003 0.17868199999999873 0.277995000000001",
                "f 980 0.057409778127703204 0.4409310375216007 0.5016591843506961",
                "f 3993 0.1692570000000011 0.4304369999999995 0.4003059999999994",
                "f 984 0.2917509999999996 0.537163 0.17108600000000046",
                "f 1048 0.27207600000000065 0.6675179999999984 0.06040600000000094",
                "f 1047 0.720288 0.009753000000000352 0.26995899999999967",
                "f 3967 0.045501846002675705 0.5091076448738965 0.4453905091234278",
                "f 1014 0.17941599999999885 0.3225580000000014 0.4980259999999997",
                "f 820 0.025087999999997335 0.6672890000000042 0.3076229999999984",
                "f 3764 0.8002479999999998 0.03418700000000041 0.16556499999999968",
                "f 790 0.6609390000000005 0.00475799999999877 0.3343030000000007",
                "f 785 0.06754200000000243 0.17816500000000074 0.7542929999999968",
                "f 787 0.48357300000000025 0.41870900000000005 0.09771799999999975",
                "f 3961 0.2282136213758441 0.05448722465146922 0.7172991539726866",
                "f 1016 0.129722000000001 0.6171060000000004 0.2531719999999986",
                "f 789 0.7736219999999996 0.013894999999999576 0.21248300000000087",
                "f 3918 0.7574538546894819 0.09585724213702052 0.14668890317349756",
                "f 3956 0.35264400000000007 0.11019900000000024 0.5371569999999997",
                "f 976 0.032792000000000654 0.6130700000000003 0.354137999999999",
                "f 3734 0.12809499999999877 0.767565 0.10434000000000118",
                "f 789 0.2698719999999993 0.3408530000000004 0.3892750000000003",
                "f 827 0.7719549999999997 0.1667120000000003 0.061332999999999915",
                "f 3774 0.6175899999999996 0.02567799999999953 0.3567320000000009",
                "f 763 0.37705600000000045 0.3443840000000002 0.2785599999999993",
                "f 3710 0.09306700000000018 0.5150899999999998 0.391843",
                "f 767 0.4867789999999998 0.44340200000000035 0.06981899999999991",
                "f 3711 0.40180223822187083 0.3388425499283422 0.259355211849787",
                "f 3968 0.0362070000000001 0.01319899999999918 0.9505940000000007",
                "f 3971 0.01915915398891138 0.7819053554593257 0.1989354905517629",
                "f 770 0.1388241332029308 0.7125871156920661 0.14858875110500308",
                "f 3670 0.1039799999999998 0.6507630000000002 0.245257",
                "f 3714 0.5345159999999992 0.061261000000000405 0.40422300000000033",
                "f 3673 0.05839523227577176 0.8080312182802893 0.1335735494439389",
                "f 728 0.5146809999999978 0.12991000000000014 0.355409000000002",
                "f 3669 0.23475299999999968 0.6083980000000004 0.15684899999999988",
                "f 3678 0.437897448552996 0.10481320404326315 0.4572893474037409",
                "f 3676 0.4201180000000004 0.17831599999999953 0.40156600000000015",
                "f 571 0.3263469999999994 0.5950559999999998 0.07859700000000078",
                "f 562 0.2513369999999999 0.11959500000000116 0.629067999999999",
                "f 3511 0.08418648398637664 0.8297259601324681 0.08608755588115523",
                "f 477 0.24985900000000022 0.6516009999999993 0.09854000000000047",
                "f 479 0.3570219999999998 0.24182499999999996 0.40115300000000026",
                "f 3505 0.4177890000000014 0.15911199999999903 0.42309899999999956",
                "f 3473 0.36622699999999897 0.1451330000000008 0.4886400000000002",
                "f 3473 0.5738745751238541 0.2618882266273709 0.16423719824877506",
                "f 564 0.0037129999999993557 0.651641 0.3446460000000006",
                "f 3475 0.7280650000000004 0.09799000000000027 0.17394499999999935",
                "f 534 0.3442900000000001 0.11311199999999978 0.5425980000000001",
                "f 3474 0.5443329999999998 0.28051700000000007 0.17515000000000006",
                "f 479 0.11225099999999999 0.704027 0.18372200000000005",
                "f 571 0.47657099999999997 0.01739099999999995 0.5060380000000001",
                "f 478 0.6480260000000003 0.33668999999999943 0.015284000000000224",
                "f 3475 0.07510382734373804 0.8490914975803654 0.07580467507589657",
                "f 534 0.6314190000000001 0.03138499999999994 0.33719599999999994",
                "f 567 0.01934699999999956 0.11806000000000069 0.8625929999999997",
                "f 3677 0.48615999999999887 0.471599000000001 0.042241000000000126",
                "f 561 0.512132 0.12135600000000055 0.3665119999999994",
                "f 560 0.7915989999999999 0.1664549999999998 0.04194600000000024",
                "f 482 0.32210000000000005 0.34465899999999994 0.333241",
                "f 481 0.45959700000000014 0.007513999999999917 0.532889",
                "f 480 0.18629499999999977 0.4335000000000001 0.3802050000000001",
                "f 483 0.04367199999999999 0.699026 0.257302",
                "f 3695 0.1202889999999992 0.5936839999999992 0.2860270000000016",
                "f 3698 0.47218226372195105 0.5135745885544929 0.014243147723556088",
                "f 750 0.20997699999999955 0.6971599999999997 0.09286300000000078",
                "f 747 0.086169 0.564964 0.348867",
                "f 1007 0.47430924513548045 0.4424984250953411 0.08319232976917845",
                "f 3688 0.16931699999999983 0.09033700000000003 0.7403460000000002",
                "f 3536 0.30913851457243874 0.29750819506044845 0.3933532903671128",
                "f 3709 0.11013800000000025 0.7775379999999997 0.11232400000000002",
                "f 3711 0.7979519999999993 0.13305700000000042 0.06899100000000019",
                "f 797 0.30675000000000013 0.3637380000000002 0.32951199999999975",
                "f 529 0.19040018132972014 0.6549655261419612 0.15463429252831862",
                "f 3708 0.7135240000000006 0.18749599999999983 0.09897999999999951",
                "f 992 0.24613684602516228 0.3648466486612652 0.38901650531357257",
                "f 999 0.13863999999999987 0.23782400000000026 0.6235359999999999",
                "f 531 0.11994599999999982 0.8360910000000001 0.043963000000000044",
                "f 3709 0.9615940000000003 0.0020779999999999427 0.0363279999999998",
                "f 3714 0.20353 0.5268930000000003 0.26957699999999973",
                "f 531 0.7205729999999998 0.05418999999999984 0.22523700000000038",
                "f 531 0.3539880000000002 0.5558849999999999 0.09012699999999994",
                "f 530 0.31061000000000083 0.1639060000000001 0.5254839999999991",
                "f 3472 0.39143600000000023 0.09711399999999984 0.51145",
                "f 3472 0.5134149999999994 0.3675170000000003 0.11906800000000024",
                "f 3749 0.42351257372624784 0.14457095004965165 0.43191647622410045",
                "f 3745 0.07485842659605468 0.09258404962768901 0.8325575237762562",
                "f 3486 0.15844099999999983 0.24608200000000013 0.595477",
                "f 3491 0.5122490000000002 0.12628899999999987 0.36146199999999995",
                "f 497 0.7578409999999997 0.17049400000000034 0.07166499999999995",
                "f 1042 0.3385270000000015 0.4102129999999981 0.2512600000000003",
                "f 3982 0.20380200000000126 0.13780500000000442 0.6583929999999943",
                "f 1023 0.4052730000000001 0.3649039999999999 0.229823",
                "f 1041 0.060634999999999106 0.6850710000000003 0.2542940000000006",
                "f 3985 0.4956129999999995 0.38489900000000077 0.11948799999999969",
                "f 3484 0.08157099999999962 0.5036840000000004 0.41474500000000003",
                "f 3489 0.38964799999999994 0.2520840000000003 0.35826799999999975",
                "f 502 0.09801400000000128 0.8370829999999996 0.06490299999999914",
                "f 3446 0.7269120000000001 0.10373600000000036 0.16935199999999953",
                "f 909 0.13115397769863768 0.20704682923940806 0.6617991930619542",
                "f 904 0.3035759999999995 0.6074440000000009 0.08897999999999961",
                "f 3487 0.062474999999999725 0.27656699999999906 0.6609580000000012",
                "f 3482 0.4238644804974575 0.5702243487336729 0.005911170768869585",
                "f 3483 0.413696 0.16997599999999977 0.4163280000000002",
                "f 3444 0.5252570000000006 0.1452350000000008 0.3295079999999986",
                "f 3733 0.6394758834716766 0.22898531369760922 0.13153880283071417",
                "f 3729 0.49014099999999966 0.1636000000000004 0.34625899999999993",
                "f 3730 0.01955859837142082 0.883661103588072 0.09678029804050714",
                "f 3735 0.15798700000000035 0.6620549999999988 0.1799580000000008",
                "f 3964 0.7257639999999997 0.11837700000000106 0.15585899999999922",
                "f 1013 0.3444260000000001 0.2701899999999994 0.3853840000000005",
                "f 3990 0.08762899999999868 0.7357340000000014 0.17663699999999988",
                "f 790 0.14097000000000026 0.2850359999999998 0.5739939999999999",
                "f 794 0.41974799999999973 0.17385199999999948 0.4064000000000008",
                "f 1381 0.657895 0.21991000000000052 0.12219499999999947",
                "f 1349 0.2067400000000006 0.5249200000000004 0.268339999999999",
                "f 1350 0.40567099999999984 0.2699369999999996 0.3243920000000005",
                "f 4293 0.6918609999999996 0.05861200000000294 0.24952699999999742",
                "f 4324 0.16785099999999975 0.2232190000000003 0.60893",
                "f 1160 0.026996999999999938 0.15762299999999813 0.815380000000002",
                "f 760 0.4572179999999995 0.26984800000000164 0.27293399999999884",
                "f 3708 0.4745800000000001 0.01166399999999971 0.5137560000000002",
                "f 3981 0.6588089999999998 0.001649999999998623 0.3395410000000016",
                "f 911 0.3999272452606274 0.5006474248333981 0.09942532990597455",
                "f 907 0.18373099999999953 0.09862700000000041 0.717642",
                "f 4105 0.04681399999999958 0.5811760000000004 0.37201000000000006",
                "f 1157 0.7819839999999975 0.03835800000000037 0.1796580000000022",
                "f 911 0.13680224526062779 0.15596942483339885 0.7072283299059734",
                "f 3475 0.347313 0.27900599999999914 0.3736810000000008",
                "f 510 0.02507799999999938 0.9247530000000012 0.050168999999999464",
                "f 3474 0.39400000000000057 0.020455999999999454 0.585544",
                "f 529 0.0023430000000001505 0.6711819999999991 0.3264750000000008",
                "f 530 0.14207169326319125 0.14902145076972229 0.7089068559670865",
                "f 530 0.595372 0.12416099999999948 0.28046700000000047",
                "f 525 0.11730747442693312 0.5866677069085174 0.29602481866454944",
                "f 3987 0.1389904882456937 0.23682474496223907 0.6241847667920672",
                "f 904 0.061270000000000435 0.5664339999999983 0.37229600000000124",
                "f 1382 0.16186226033063716 0.7448182303728742 0.09331950929648865",
                "f 1162 0.5196490000000001 0.326499000000003 0.15385199999999688",
                "f 906 0.34658100000000214 0.12243299999999933 0.5309859999999985",
                "f 727 0.5885739999999999 0.3206790000000003 0.09074699999999969",
                "f 725 0.3181709999999996 0.49576700000000007 0.18606200000000034",
                "f 726 0.1715292361487319 0.36452017747930937 0.4639505863719587",
                "f 722 0.4108050000000004 0.4626319999999996 0.126563",
                "f 722 0.0747736605039595 0.0918852530378438 0.8333410864581967",
                "f 3930 0.07641499999999923 0.6443690000000011 0.2792159999999997",
                "f 983 0.4717820000000001 0.46300699999999934 0.06521100000000064",
                "f 985 0.8063570000000002 0.09858799999999966 0.09505500000000013",
                "f 3931 0.1718289999999989 0.3420860000000021 0.486084999999999",
                "f 985 0.04360799999999865 0.25016899999999914 0.7062230000000022",
                "f 723 0.5439149999999997 0.14570900000000048 0.3103759999999998",
                "f 721 0.5408709999999995 0.24964300000000145 0.20948599999999903",
                "f 3666 0.14263200000000054 0.2058649999999993 0.6515030000000002",
                "f 3762 0.1549660000000006 0.023872999999999797 0.8211609999999996",
                "f 3767 0.4698619999999992 0.4650610000000013 0.06507699999999952",
                "f 821 0.015214000000000394 0.4631229999999988 0.5216630000000008",
                "f 822 0.1150319999999983 0.47004200000000196 0.41492599999999974",
                "f 3763 0.002016000000003293 0.8108439999999992 0.18713999999999748",
                "f 729 0.18568799999999885 0.07290000000000225 0.7414119999999988",
                "f 3765 0.6699490000000001 0.1514369999999997 0.1786140000000002",
                "f 3761 0.43322800000000017 0.0446260000000001 0.5221459999999998",
                "f 820 0.5205045236759358 0.3569026014698658 0.12259287485419841",
                "f 3761 0.5954670000000014 0.20708099999999882 0.19745199999999977",
                "f 3927 0.09383300000000061 0.5377009999999993 0.36846600000000007",
                "f 977 0.4763040282141824 0.307877646561366 0.21581832522445163",
                "f 3923 0.06781687736459402 0.6061102052805155 0.32607291735489047",
                "f 718 0.08277200000000007 0.013933999999999894 0.903294",
                "f 3771 0.1601774035248903 0.5336816496252738 0.30614094684983595",
                "f 824 0.475861 0.023926999999999685 0.5002120000000003",
                "f 3766 0.16338899999999965 0.7014539999999994 0.135157000000001",
                "f 828 0.1774359999999986 0.24488700000000038 0.577677000000001",
                "f 3925 0.11890809493918142 0.7312867598493055 0.1498051452115131",
                "f 3773 0.25176400000000027 0.7275619999999978 0.020674000000001892",
                "f 3774 0.12189967778298672 0.7734577326434872 0.10464258957352612",
                "f 834 0.49420899999999884 0.24011899999999867 0.2656720000000025",
                "f 3775 0.7528740000000012 0.21343600000000043 0.033689999999998436",
                "f 3668 0.06214199999999992 0.2020980000000003 0.7357599999999997",
                "f 3673 0.0772129999999992 0.1322190000000005 0.7905680000000003",
                "f 3672 0.0843269999999996 0.0325160000000005 0.8831569999999999",
                "f 3675 0.6385459999999998 0.0064530000000014055 0.3550009999999988",
                "f 3669 0.15152747211671147 0.19047728966064362 0.6579952382226449",
                "f 3668 0.022638000000000713 0.8036259999999996 0.17373599999999967",
                "f 731 0.12584500000000065 0.424491 0.4496639999999994",
                "f 3678 0.049100999999999284 0.1147630000000007 0.836136",
                "f 733 0.13220500000000068 0.18186699999999875 0.6859280000000005",
                "f 735 0.42184300000000075 0.46111500000000044 0.11704199999999888",
                "f 3679 0.07732599999999992 0.8694840000000008 0.05318999999999926",
                "f 732 0.7580760000000006 0.09663599999999939 0.14528800000000003",
                "f 3679 0.5127469999999996 0.2999550000000001 0.1872980000000003",
                "f 3679 0.03564200000000117 0.034520000000000155 0.9298379999999987",
                "f 570 0.2208349999999995 0.4371200000000022 0.3420449999999983",
                "f 569 0.16018299999999985 0.3362079999999995 0.5036090000000006",
                "f 558 0.14763199999999999 0.09046900000000005 0.761899",
                "f 3676 0.699542467849625 0.2768701583131315 0.02358737383724348",
                "f 3509 0.035332999999999726 0.8358629999999998 0.12880400000000047",
                "f 477 0.5229939999999995 0.17662200000000017 0.3003840000000003",
                "f 3509 0.40718400000000043 0.39195899999999895 0.20085700000000065",
                "f 3505 0.3135240000000008 0.6435669999999994 0.04290899999999973",
                "f 477 0.2660979999999998 0.2704629999999999 0.4634390000000003",
                "f 479 0.39028999999999947 0.4628829999999998 0.14682700000000068",
                "f 477 0.021593018401415365 0.11681350720565367 0.861593474392931",
                "f 570 0.7140820000000001 0.016736000000001288 0.26918199999999853",
                "f 3511 0.011837000000000542 0.27857899999999985 0.7095839999999995",
                "f 3511 0.7285384839863753 0.011349960132468478 0.26011155588115614",
                "f 571 0.3943900000000003 0.3196620000000001 0.2859479999999996",
                "f 565 0.26966854390710454 0.37944125499524894 0.3508902010976465",
                "f 565 0.17246999999999924 0.012042000000000106 0.8154880000000007",
                "f 479 0.19915999999999978 0.29517700000000013 0.5056630000000001",
                "f 479 0.07439100000000048 0.47584099999999996 0.44976799999999956",
                "f 566 0.5399812694237875 0.07283342497710835 0.3871853055991041",
                "f 3672 0.3834682156512983 0.4723056145386097 0.14422616981009193",
                "f 566 0.03676426942378752 0.45234942497710834 0.5108863055991042",
                "f 567 0.19774900000000017 0.15578499999999965 0.6464660000000002",
                "f 3677 0.25820299999999985 0.5107870000000002 0.23100999999999994",
                "f 3676 0.015874000000000166 0.7744029999999997 0.2097230000000001",
                "f 562 0.04542900000000072 0.7811279999999988 0.17344300000000046",
                "f 564 0.7483729999999991 0.20354100000000022 0.048086000000000684",
                "f 564 0.6022143068100697 0.009323142852533235 0.3884625503373971",
                "f 562 0.3027490000000002 0.5966139999999999 0.10063699999999992",
                "f 3507 0.00354800000000155 0.433141999999999 0.5633099999999994",
                "f 3506 0.02034999999999998 0.4114220000000001 0.5682279999999998",
                "f 561 0.1777000000000002 0.3789410000000003 0.4433589999999995",
                "f 3504 0.1418805153873426 0.5380211944519462 0.32009829016071123",
                "f 478 0.09558800000000028 0.5282169999999997 0.376195",
                "f 560 0.14448129310707647 0.6452055251457256 0.21031318174719793",
                "f 563 0.03239199999999953 0.3162489999999998 0.6513590000000007",
                "f 557 0.0951390000000003 0.2648049999999999 0.6400559999999997",
                "f 3502 0.3423549999999997 0.18498300000000034 0.47266199999999997",
                "f 557 0.7253080000000003 0.133149 0.1415429999999997",
                "f 478 0.36354200000000075 0.29406899999999986 0.34238899999999933",
                "f 478 0.5870390000000003 0.11771500000000039 0.2952459999999994",
                "f 482 0.12137500000000001 0.141494 0.737131",
                "f 3502 0.05158499999999977 0.6857659999999997 0.2626490000000006",
                "f 483 0.05178100000000063 0.08997499999999949 0.8582439999999999",
                "f 479 0.1533599999999996 0.011317999999999797 0.8353220000000006",
                "f 480 0.2610910000000005 0.23601600000000003 0.5028929999999995",
                "f 483 0.18338424254898045 0.2074175366655618 0.6091982207854577",
                "f 483 0.6327889999999997 0.09446200000000043 0.2727489999999998",
                "f 478 0.8626252523067265 0.11176550042664651 0.025609247266627045",
                "f 478 0.7559480000000003 0.07434899999999961 0.1697030000000002",
                "f 482 0.3627759999999999 0.564324 0.07290000000000006",
                "f 483 0.24013099999999993 0.6080920000000001 0.151777",
                "f 483 0.315841 0.28834899999999997 0.39581000000000005",
                "f 748 0.04227702950659762 0.6186803280426634 0.339042642450739",
                "f 749 0.6002910000000002 0.18841700000000006 0.2112919999999997",
                "f 750 0.5537120000000004 0.14393199999999878 0.3023560000000008",
                "f 746 0.6903540000000005 0.11199599999999965 0.19764999999999988",
                "f 3694 0.2005070000000001 0.13673399999999944 0.6627590000000004",
                "f 1004 0.4454823536054631 0.1643529717823026 0.3901646746122343",
                "f 1002 0.051146999999998916 0.8453260000000005 0.10352700000000062",
                "f 1004 0.7448639999999986 0.16999899999999943 0.08513700000000185",
                "f 744 0.22344100000000106 0.29294000000000003 0.48361899999999897",
                "f 747 0.574763 0.22880200000000006 0.19643499999999992",
                "f 745 0.5222980000000005 0.32827599999999973 0.14942599999999975",
                "f 3690 0.64652 0.1928660000000001 0.1606139999999999",
                "f 3744 0.9109989999999998 0.04028599999999989 0.04871500000000027",
                "f 753 0.501238000000001 0.2081979999999986 0.29056400000000043",
                "f 753 0.230288999999999 0.6476659999999989 0.12204500000000215",
                "f 3938 0.3388499999999999 0.10070899999999987 0.5604410000000003",
                "f 994 0.2851119999999989 0.3833640000000011 0.33152399999999993",
                "f 998 0.08636300000000102 0.6496099999999986 0.2640270000000004",
                "f 1003 0.7985670000000002 0.06663899999999975 0.134794",
                "f 3943 0.08966499999999955 0.3683420000000005 0.541993",
                "f 3936 0.15044500000000072 0.23319699999999993 0.6163579999999994",
                "f 745 0.21821199999999982 0.6062680000000003 0.17551999999999993",
                "f 742 0.2887696526777157 0.12539842305310217 0.5858319242691821",
                "f 3747 0.86380952376173 0.13391859891556013 0.0022718773227097984",
                "f 800 0.33702904391708355 0.6550189594855964 0.007951996597320017",
                "f 3750 0.012915598652652904 0.30904110340743157 0.6780432979399155",
                "f 3947 0.8393270000000006 0.12947800000000015 0.03119499999999918",
                "f 3694 0.02350199999999958 0.004882999999999928 0.9716150000000005",
                "f 746 0.12684599999999926 0.8711580000000015 0.0019959999999991985",
                "f 811 0.3114510000000009 0.5594729999999992 0.12907599999999989",
                "f 3754 0.5367689999999997 0.017089000000000805 0.4461419999999995",
                "f 808 0.6640269999999998 0.2727479999999999 0.06322500000000035",
                "f 3748 0.2677649999999999 0.1998529999999998 0.5323820000000002",
                "f 3692 0.3863439999999998 0.4063800000000001 0.20727600000000013",
                "f 3697 0.28091499999999964 0.44571300000000014 0.2733720000000002",
                "f 3696 0.3044800000000001 0.449425 0.24609499999999992",
                "f 543 0.3983976784990706 0.5095078187002874 0.09209450280064205",
                "f 3693 0.693614 0.22947100000000012 0.07691499999999994",
                "f 546 0.09809073015484948 0.06979057511613646 0.832118694729014",
                "f 544 0.3948641343594847 0.6051358656405151 1.5899280343361968e-16",
                "f 752 0.05255300000000063 0.5509649999999994 0.396482",
                "f 757 0.09455236316609951 0.805473087946874 0.09997454888702649",
                "f 534 0.1061880000000005 0.24530999999999967 0.6485019999999998",
                "f 3488 0.1546619999999998 0.6904069999999994 0.15493100000000076",
                "f 3491 0.2935510000000001 0.029504999999999948 0.676944",
                "f 3491 0.11089499999999997 0.31488400000000005 0.574221",
                "f 499 0.3998939999999998 0.19433999999999968 0.40576600000000046",
                "f 496 0.2819669999999994 0.164020000000001 0.5540129999999996",
                "f 501 0.4917370000000003 0.13291999999999998 0.37534299999999976",
                "f 497 0.124054 0.17068900000000045 0.7052569999999996",
                "f 498 0.1758298163847059 0.3781596741733969 0.4460105094418972",
                "f 3491 0.5375930000000001 0.31377599999999994 0.14863099999999996"
            ]
        },
        {
            "name": "objShapepalm",
            "contactPoints": [
                "f 3766 0.06827100000000041 0.15848099999999948 0.7732480000000002",
                "f 983 0.6976449999999991 0.18819900000000064 0.1141560000000003",
                "f 3928 0.6267583806009971 0.15746577340392715 0.21577584599507577",
                "f 4207 0.8360823120889543 0.13569274747635243 0.028224940434693258",
                "f 4204 0.3043659999999998 0.08192099999999805 0.6137130000000022",
                "f 1320 0.285184 0.05743800000000061 0.6573779999999994",
                "f 984 0.40094815398356554 0.4611143513670462 0.13793749464938831",
                "f 3925 0.22365200000000002 0.35520699999999966 0.4211410000000004",
                "f 4282 0.5777480000000006 0.30481999999999954 0.11743199999999987",
                "f 1623 0.2082210000000011 0.22776199999999963 0.5640169999999993",
                "f 1325 0.2535559999999998 0.3683190000000014 0.3781249999999988",
                "f 4400 0.26735000000000037 0.6404819999999989 0.09216800000000074",
                "f 1261 0.20621622573907705 8.89670769924521e-17 0.7937837742609228",
                "f 4395 0.312828 0.13299300000000017 0.5541789999999999",
                "f 987 0.014928000000000052 0.5897609999999996 0.3953110000000003",
                "f 4294 0.559143 0.4217810000000002 0.019075999999999815",
                "f 1418 0.6350020000000004 0.20555000000000045 0.15944799999999915",
                "f 1164 0.20456362332350753 0.4917423562138908 0.30369402046260174",
                "f 1168 0.7008999006819383 0.12151286403638713 0.17758723528167453",
                "f 1175 0.1008830000000038 0.6553679999999955 0.2437490000000007",
                "f 979 0.19558699999999973 0.003396999999999831 0.8010160000000004",
                "f 978 0.1755239999999998 0.2742700000000001 0.5502060000000001",
                "f 1065 0.043846470686455405 0.936262021879469 0.01989150743407554",
                "f 1441 -2.220446049250313e-16 0.4700027943578519 0.5299972056421483",
                "f 1062 0.5368638604241743 0.463136139575823 2.6847766253946845e-15",
                "f 3924 0.6291209999999985 0.16931100000000077 0.20156800000000072",
                "f 3931 0.16626615401787506 0.5996163549856436 0.23411749099648135",
                "f 3935 0.24211699999999886 0.416019000000002 0.3418639999999991",
                "f 4311 0.4152420000000002 0.024711999999999713 0.560046",
                "f 1437 0.2571750000000009 0.3316269999999999 0.41119799999999923",
                "f 977 0.19508200000000026 0.6706879999999996 0.13423000000000013",
                "f 4035 0.1346529999999988 0.2256319999999977 0.6397150000000035",
                "f 4359 0.280674 0.0847280000000003 0.6345979999999997",
                "f 4220 0.04585400000000284 0.05337199999999765 0.9007739999999995",
                "f 1257 0.417912 0.20985399999999818 0.3722340000000018",
                "f 4012 0.17938299999999896 0.30513900000000255 0.5154779999999985",
                "f 3922 0.23005200000000062 0.7463749999999993 0.02357300000000004",
                "f 4036 0.08581899999999965 0.1655539999999994 0.7486270000000009",
                "f 967 0.428372 0.00693499999999996 0.5646930000000001",
                "f 990 0.7540310000000008 0.13839999999999933 0.1075689999999999",
                "f 989 0.3918979999999991 0.21786099999999958 0.3902410000000013",
                "f 4019 0.005932999999999966 0.8090500000000007 0.18501699999999932",
                "f 4324 0.280778000000001 0.5749389999999991 0.14428299999999988",
                "f 1282 0.5161959999999999 0.10125799999999688 0.38254600000000333",
                "f 4226 0.2917029999999965 0.4145590000000024 0.29373800000000116",
                "f 1034 0.10343300000000333 0.3062509999999996 0.5903159999999971",
                "f 3930 0.23658899999999972 0.375385 0.3880260000000002",
                "f 987 0.44036000000000053 0.02709299999999973 0.5325469999999998",
                "f 4206 0.02243799999999968 0.6007860000000024 0.37677599999999795",
                "f 4210 0.16386699999999976 0.10224899999999987 0.7338840000000004",
                "f 4463 0.13102200000000086 0.12564399999999992 0.7433339999999993",
                "f 1308 0.05772500000000089 0.7811469999999989 0.1611280000000002",
                "f 1528 0.2890610000000001 0.02904099999999913 0.6818980000000008",
                "f 4321 0.09924400000000044 0.17326699999999867 0.7274890000000008",
                "f 4225 0.21099600000000018 0.09362999999999935 0.6953740000000005",
                "f 1281 0.7176540000000008 0.23603099999999627 0.046315000000002896",
                "f 1040 0.7771036038952263 0.08960755761186837 0.1332888384929054",
                "f 1284 0.11921099999999829 0.2873229999999999 0.5934660000000018",
                "f 4230 0.20568100000000034 0.6152079999999974 0.17911100000000224",
                "f 4229 0.11602900000000071 0.346878999999998 0.5370920000000013",
                "f 1155 0.1380889999999999 0.43864099999999995 0.42327000000000015",
                "f 3938 0.18468600000000024 0.07670999999999914 0.7386040000000006",
                "f 4104 0.07477999999999985 0.3498120000000004 0.5754079999999997",
                "f 1157 0.14244400000000024 0.18211500000000008 0.6754409999999997",
                "f 975 0.0658725280911101 0.3526126321530344 0.5815148397558555",
                "f 3910 0.05837800000000004 0.2324720000000002 0.7091499999999997",
                "f 3912 0.007554999999999257 0.9018140000000026 0.09063099999999819",
                "f 971 0.02553400000000028 0.45283900000000027 0.5216269999999995",
                "f 3918 0.4580708546894817 0.5143072421370197 0.02762190317349857",
                "f 3924 0.2894278571336616 0.059046817428656584 0.6515253254376818",
                "f 3929 0.5643710000000002 0.04691800000000035 0.38871099999999953",
                "f 3920 0.13986009704204938 0.6948797576742114 0.16526014528373922"
            ]
        },
        {
            "name": "objShapethumb",
            "contactPoints": [
                "f 1445 0.29772699999999974 0.36257100000000014 0.33970200000000006",
                "f 4162 0.8377309999999991 0.07744799999999989 0.08482100000000098",
                "f 1411 0.18272299999999964 0.2744769999999997 0.5428000000000007",
                "f 1720 0.13989499999999988 0.09094100000000063 0.7691639999999995",
                "f 3891 0.08296899999999974 0.015096999999999727 0.9019340000000006",
                "f 3895 0.8332829999999989 0.0275110000000005 0.13920600000000066",
                "f 3896 0.05650799999999944 0.9354540000000007 0.008037999999999887",
                "f 686 0.0067121098676374835 0.7385623323757453 0.2547255577566172",
                "f 687 0.4247857996608618 0.16088365254603404 0.41433054779310424",
                "f 866 0.6552100000000005 0.27187299999999864 0.07291700000000073",
                "f 3633 0.046412999999999816 0.27737100000000003 0.6762160000000002",
                "f 3889 0.2546805897734001 0.45354916964505576 0.29177024058154416",
                "f 3894 0.21929486123201414 0.4142799515811635 0.3664251871868224",
                "f 857 0.37774400000000063 0.5196429999999999 0.10261299999999954",
                "f 3805 0.386662000000001 0.29176599999999886 0.32157200000000014",
                "f 853 0.6982520000000008 0.2776710000000002 0.024076999999999",
                "f 694 0.07248399999999777 0.15339099999999836 0.7741250000000038",
                "f 692 0.02563800000000116 0.7926890000000002 0.18167299999999864",
                "f 691 0.6381819999999987 0.07597599999999996 0.28584200000000143",
                "f 3637 0.35074647190712516 0.10392328978307205 0.5453302383098028",
                "f 3632 0.2123834746845083 0.3565672870098998 0.4310492383055919",
                "f 4055 0.3421760000000011 0.19169899999999981 0.46612499999999907",
                "f 1547 -1.1102230246251565e-16 0.6571797454396024 0.34282025456039766",
                "f 4406 0.6951439999999999 0.23071800000000006 0.07413800000000001",
                "f 4301 0.754818 0.22355100000000053 0.021630999999999498",
                "f 4366 0.3967820000000001 0.2740240000000003 0.32919399999999965",
                "f 4274 0.870666 0.07275400000000035 0.05657999999999964",
                "f 946 0.41798400000000013 0.43495199999999967 0.1470640000000002",
                "f 948 0.1337370000000001 0.35123400000000027 0.5150289999999996",
                "f 953 0.41481199999999985 0.4923890000000015 0.09279899999999866",
                "f 949 0.42508500000000043 0.2312160000000001 0.3436989999999995",
                "f 959 0.24699700000000008 0.41498399999999924 0.3380190000000007",
                "f 954 0.503419275587198 0.132777778942409 0.36380294547039305",
                "f 3896 0.12706300000000015 0.1594520000000001 0.7134849999999997",
                "f 4047 0.012866000000001265 0.2593550000000007 0.7277789999999981",
                "f 3897 0.560070386297773 0.018184629076064624 0.42174498462616244",
                "f 3896 0.7167326189783094 0.05595122699251865 0.22731615402917194",
                "f 849 0.058654297917138276 0.6903613782982747 0.250984323784587",
                "f 1860 0.46207225547506836 0.5379277445249316 2.5468452907778104e-17",
                "f 4586 0.04128799999999977 0.4815140000000001 0.4771980000000001",
                "f 1630 0.3931529999999997 0.1346740000000005 0.4721729999999998",
                "f 1804 0.27553631956999325 0.7244636804300065 2.265061214697068e-16",
                "f 4533 0.8065570000000001 0.09004599999999956 0.1033970000000004",
                "f 1524 0.0473119999999998 0.16336199999999962 0.7893260000000006",
                "f 685 0.04734699999999736 0.6482490000000017 0.3044040000000009",
                "f 687 0.1329499999999989 0.5018890000000006 0.3651610000000005",
                "f 684 0.12350400000000084 0.10832100000000083 0.7681749999999984",
                "f 3891 0.39016000000000034 0.3561049999999995 0.2537350000000002",
                "f 862 0.07920599999999967 0.10118200000000065 0.8196119999999997",
                "f 944 0.6031775553837164 0.08539167872961176 0.3114307658866719",
                "f 3895 0.12949999999999895 0.565535000000001 0.30496500000000004",
                "f 3893 0.23663900000000038 0.4832470000000003 0.2801139999999993",
                "f 3888 0.5707039999999998 0.2395000000000003 0.189796",
                "f 858 0.07384099999999916 0.2713190000000014 0.6548399999999994",
                "f 860 0.21267200000000014 0.47776100000000116 0.30956699999999865",
                "f 860 0.44985900000000034 0.07218799999999999 0.47795299999999963",
                "f 857 0.02763900000000019 0.4290600000000008 0.543300999999999",
                "f 3806 0.007869000000000348 0.33310400000000046 0.6590269999999991",
                "f 861 0.7630550000000005 0.21021999999999977 0.026724999999999815",
                "f 3802 0.1560329999999994 0.6709300000000004 0.17303700000000025",
                "f 3794 0.21764199999999945 0.15687899999999994 0.6254790000000006",
                "f 855 0.23037989374511875 0.7067617019767763 0.0628584042781049",
                "f 859 0.0589949564689809 0.39879371834130606 0.542211325189713",
                "f 3800 0.19769600000000076 0.10208099999999903 0.7002230000000003",
                "f 855 0.16044300000000034 0.0930909999999999 0.7464659999999997",
                "f 3801 0.8534119999999988 0.09937900000000116 0.047208999999999904",
                "f 3797 0.3456190000000007 0.06932399999999923 0.585057",
                "f 3796 0.3390179999999996 0.18672500000000058 0.4742569999999998",
                "f 697 0.22843099999999888 0.38967100000000154 0.38189799999999957",
                "f 4235 3.885780586188048e-16 0.5529955690075092 0.4470044309924904",
                "f 1210 0.4167095497929293 -7.237075574423083e-17 0.5832904502070707",
                "f 1105 0.3265300000000039 0.12510099999999932 0.5483689999999968",
                "f 3642 0.13913199999999926 0.6022130000000007 0.2586550000000001",
                "f 695 0.12886579863446912 0.38606065258310956 0.48507354878242126",
                "f 4048 0.21208900000000058 0.4386600000000016 0.3492509999999978",
                "f 3634 0.30659300000000006 0.23358299999999985 0.45982400000000007",
                "f 3634 0.294629999999999 0.6044160000000016 0.10095399999999938",
                "f 3635 0.19325299999999923 0.3973230000000019 0.4094239999999989",
                "f 4059 0.6207829999999996 0.20906600000000158 0.1701509999999988",
                "f 693 0.44189500000000137 0.5261569999999981 0.03194800000000055",
                "f 4153 0.6172576551043975 0.11334818071582019 0.26939416417978235",
                "f 690 0.3546240000000011 0.6177909999999984 0.027585000000000488",
